-1.725856352274268479e+00
-2.670225934815189106e+00
-3.843446048161311523e+00
-5.226326378261864747e+00
-6.620800533205687621e+00
-7.929317502606330947e+00
-9.073645448195325258e+00
-1.002077143556137351e+01
-1.057956233975319016e+01
-1.074963092411707066e+01
-1.090100248710558262e+01
-1.072008652649945226e+01
-1.040353203355545020e+01
-9.527871918295677034e+00
-8.218355522059077600e+00
-6.617133628441558280e+00
-4.725422943768802675e+00
-2.655769045152874597e+00
-4.785177968434392026e-01
1.839141223833099525e+00
4.186057757418259584e+00
6.618955185073231107e+00
8.888979576805519756e+00
1.091230720682347233e+01
1.232088934939721447e+01
1.326330048255818284e+01
1.362503374350073670e+01
1.354352592280662293e+01
1.292913685001618873e+01
1.191682698410741814e+01
1.010631432139595987e+01
7.687554215995199058e+00
4.833804380622230390e+00
1.648678462929269450e+00
-1.803044565806002808e+00
-5.236648273677381837e+00
-8.593317585263765324e+00
-1.185568086999180970e+01
-1.478948955794347242e+01
-1.718204630678960143e+01
-1.896649749481745317e+01
-2.014326036168066736e+01
-2.078445237817702917e+01
-2.083634788333846544e+01
-2.021027210150664999e+01
-1.894548128464517944e+01
-1.695542147021233603e+01
-1.432622218600876352e+01
-1.105140673186081379e+01
-7.443014929730681573e+00
-3.683091372617177228e+00
1.453088579336288266e-01
3.842678883580669336e+00
7.279347487907950054e+00
1.052756388934764153e+01
1.348757383374253749e+01
1.591375042363072545e+01
1.758193400653978244e+01
1.839088338469400341e+01
1.858670305739084938e+01
1.826355204349088623e+01
1.741145981503554196e+01
1.588263002990496631e+01
1.375941583735382601e+01
1.087825455433265276e+01
7.393791259530719806e+00
3.643760900878306064e+00
-2.467470873877530835e-01
-4.028538803083724140e+00
-7.674257361997036675e+00
-1.131368443141279201e+01
-1.480457699899102764e+01
-1.784778316730033865e+01
-2.019269956903764296e+01
-2.181105466751420607e+01
-2.266174119235402173e+01
-2.260895602012668704e+01
-2.210308365899527416e+01
-2.105238621173673863e+01
-1.937719416432557651e+01
-1.681776909393681052e+01
-1.352672929549409808e+01
-9.741256493784231196e+00
-5.689905039754687976e+00
-1.636303764857398590e+00
2.310637767935645570e+00
5.916661859442823079e+00
9.199704273274807775e+00
1.230115789161540718e+01
1.477691353860327439e+01
1.642006727269545507e+01
1.728778472885429451e+01
1.751364397532661243e+01
1.712149155339921691e+01
1.612959906645333774e+01
1.462928681483100846e+01
1.255396337694137721e+01
9.792168219449317590e+00
6.606581418544205775e+00
3.123342185394306192e+00
-3.973619255709465170e-01
-3.627534396959497975e+00
-6.364506261443199087e+00
-8.777570772588008552e+00
-1.119842258155001247e+01
-1.337318797327349174e+01
-1.507258666227230748e+01
-1.619332143948766856e+01
-1.654047147624491743e+01
-1.633347923026311221e+01
-1.572843208094347389e+01
-1.475824664367470618e+01
-1.342919900876180783e+01
-1.174198396445274639e+01
-9.725572890340798082e+00
-7.469556999062358038e+00
-5.093178171272326971e+00
-2.708727585641182323e+00
-5.122126202739445411e-01
1.498392226236207492e+00
3.391518336357390861e+00
5.148223360284184480e+00
6.511713029129762909e+00
7.488018818028461254e+00
8.067904536775072799e+00
8.249975433735270869e+00
7.992437114695895239e+00
7.406600715123943246e+00
6.898853904872698450e+00
6.039888889785785864e+00
4.790210802675163748e+00
3.223482361413485542e+00
1.540308898362550138e+00
-1.728508705163169790e-01
-1.728388979876734233e+00
-3.007568404323648803e+00
-3.910731805709310560e+00
-4.793435357048664969e+00
-5.676444330116952486e+00
-6.283233208736072939e+00
-6.385896941179072250e+00
-6.167234746581740978e+00
-5.649811386557884063e+00
-5.013772559346628910e+00
-4.198496525422964254e+00
-3.690843587344414978e+00
-3.228833664758777644e+00
-2.584065707252361399e+00
-1.879668024352385114e+00
-1.345766729533933503e+00
-1.104431591741253271e+00
-1.250537764998262968e+00
-1.532785448276650087e+00
-1.947227436097116016e+00
-2.575596849211601036e+00
-3.158634505108634638e+00
-3.681441360509223326e+00
-4.341466489362528769e+00
-5.233209201985812520e+00
-5.997739460005123036e+00
-6.317675168806855979e+00
-6.291923089387556622e+00
-5.984247554639333444e+00
-5.549975862542726901e+00
-4.889773417522508048e+00
-4.066995773746164389e+00
-3.092221684987674024e+00
-1.743574340284834712e+00
-1.167778660791825990e-01
1.440555509854217764e+00
2.775444943800926545e+00
3.943993657943579034e+00
5.105709221943154574e+00
6.262416529709808444e+00
7.004663737234140264e+00
7.607429433866768953e+00
8.118612470522592162e+00
8.116519359791162458e+00
7.448008381983105330e+00
6.481791030116111685e+00
5.312242497286529641e+00
3.956071139125015179e+00
2.375855296359912217e+00
4.612550640245163813e-01
-1.737426381624390670e+00
-4.143401309454587178e+00
-6.598545406880532482e+00
-8.885631495450516226e+00
-1.085887194118724963e+01
-1.251843998487010268e+01
-1.413519905119559716e+01
-1.558089676806401158e+01
-1.650342030079394817e+01
-1.693813947115510388e+01
-1.660258319967925900e+01
-1.567589063213015166e+01
-1.421615782608349576e+01
-1.241989380345965088e+01
-1.026238748321351935e+01
-7.651691108242506090e+00
-4.593592150490298565e+00
-1.121325942295138489e+00
2.424529573453490627e+00
5.821776709917438453e+00
8.902424426145055136e+00
1.163588791060301020e+01
1.394823112845723756e+01
1.582859686351615736e+01
1.736263688023144169e+01
1.799094660371400067e+01
1.776165390622800899e+01
1.676727104451107664e+01
1.503481901607733562e+01
1.285400446113635908e+01
1.010183778693498979e+01
6.958635830771036979e+00
3.357623862437839612e+00
-6.947627668056732819e-01
-4.938335115293266853e+00
-8.976168104973211825e+00
-1.252863396055321665e+01
-1.550749948221522168e+01
-1.800341407775499647e+01
-1.999327100475253616e+01
-2.157889467833068764e+01
-2.259104841289535415e+01
-2.287991896586439111e+01
-2.216608540955883555e+01
-2.053944106164913208e+01
-1.826200362094218121e+01
-1.557248443293342888e+01
-1.262877086218901468e+01
-9.274651193446425523e+00
-5.586204907832374111e+00
-1.640787846475098233e+00
2.398826171648344552e+00
6.180121313836535180e+00
9.494033896392158667e+00
1.240077892877828170e+01
1.476380104827408779e+01
1.677561894353983618e+01
1.822242690218185501e+01
1.896833181155689019e+01
1.895175328995675557e+01
1.806454613802662479e+01
1.644995204055963356e+01
1.430022986876858404e+01
1.175459794590116402e+01
8.853297275344434780e+00
5.510318730024177825e+00
1.596906734926222260e+00
-2.477801245232790883e+00
-6.482781537555508677e+00
-1.030743953002980007e+01
-1.359967910349447529e+01
-1.624861056641340440e+01
-1.823965706848833790e+01
-1.974226026185549898e+01
-2.080685764846791130e+01
-2.120432889248141350e+01
-2.078098481977391643e+01
-1.959710157393875463e+01
-1.773117826439683498e+01
-1.522579321727963375e+01
-1.241314810020730341e+01
-9.271956203839692989e+00
-5.892311930017966937e+00
-2.416849823196657532e+00
1.046889184608310375e+00
4.253082087734558314e+00
6.959437480225600048e+00
9.198100714078131901e+00
1.114070891149603781e+01
1.259341802689066370e+01
1.343493428393890454e+01
1.371838017248511399e+01
1.338488378068699802e+01
1.242515796379023207e+01
1.097166453782060458e+01
9.129287816620973217e+00
7.294099657397166148e+00
5.368072096511740554e+00
3.236691991627370868e+00
9.343199278929158469e-01
-1.428849009146994975e+00
-3.624983516593572208e+00
-5.676611768441405914e+00
-7.384907927275861539e+00
-8.717634827305580814e+00
-9.710542803375624032e+00
-1.052599486895059755e+01
-1.112078609541007879e+01
-1.121426513801288927e+01
-1.092420638468422212e+01
-1.034929268520163603e+01
-9.362616995982790513e+00
-8.082476139092984013e+00
-6.945448664594433552e+00
-5.944169983743678110e+00
-4.766974125101047122e+00
-3.357541150286567522e+00
-1.921998103141973280e+00
-5.724404973005088326e-01
6.093631402519951168e-01
1.354296287855903280e+00
1.817322850232626852e+00
2.254903878125838368e+00
2.482663806788746541e+00
2.697055650415880468e+00
2.586712163534787390e+00
2.085692704212247950e+00
1.345510834742982276e+00
5.463062190106727778e-01
-1.199893145913822484e-01
-8.414825259370639632e-01
-1.203619646417667388e+00
-1.440362600652816294e+00
-1.732766508229056646e+00
-2.094232519416123317e+00
-2.193713667499985309e+00
-1.854762363054357488e+00
-1.268699933456539863e+00
-4.996907830098583636e-01
2.965778193412504371e-01
9.627729980434185375e-01
1.519910598594491180e+00
2.062158836680965557e+00
2.397872554913782928e+00
2.725245932544345884e+00
2.664899786219011801e+00
2.289650779646234646e+00
1.635371249093216850e+00
6.513694810874128827e-01
-5.623808598287152183e-01
-1.885444681616291751e+00
-3.195259390716675973e+00
-4.628897228693626964e+00
-6.226034292777921308e+00
-7.899101266218422346e+00
-9.464259045745516019e+00
-1.070277982585868592e+01
-1.151893109988242259e+01
-1.176765806921500790e+01
-1.175154234528346109e+01
-1.134886957664389584e+01
-1.075065012872303072e+01
-9.895935810773572427e+00
-8.533704342049638569e+00
-6.711878947330541578e+00
-4.628727591119701223e+00
-2.482561262714286343e+00
-2.573996314375576744e-01
2.090125693170493903e+00
4.394439686966073566e+00
6.660480933296025086e+00
8.723707366229385585e+00
1.054944239147308060e+01
1.184521053889611153e+01
1.256335695674404818e+01
1.291200575753758351e+01
1.287751164567369422e+01
1.245142538737833426e+01
1.162266855285007772e+01
1.016599519682121588e+01
8.135990035048378033e+00
5.575531964624462766e+00
2.553127623281868708e+00
-5.211129752889952504e-01
-3.511568125277420460e+00
-6.577097937673574535e+00
-9.888367113907262862e+00
-1.302112499125342637e+01
-1.576135127178229567e+01
-1.792523750705389673e+01
-1.952228204679281731e+01
-2.049534217533448910e+01
-2.087165497413353776e+01
-2.056401849610742971e+01
-1.967322928789376846e+01
-1.817997117926979911e+01
-1.587331339360097004e+01
-1.286175865279281005e+01
-9.281614078955129798e+00
-5.458582750579021869e+00
-1.545603784993813790e+00
2.347909906375375666e+00
5.959070277285607453e+00
9.496704132711167645e+00
1.302640187998921739e+01
1.594717998952084770e+01
1.791998913954876826e+01
1.912919301734348565e+01
1.956294304253086480e+01
1.926012278318213689e+01
1.835357401369143915e+01
1.684537534457398777e+01
1.482173081177883311e+01
1.197975666518359894e+01
8.348390232847759052e+00
4.397834480234176446e+00
3.217246923725181618e-01
-3.644017712232427986e+00
-7.421449815940730943e+00
-1.100935913066132343e+01
-1.419277927290354135e+01
-1.705238012667287961e+01
-1.948825956550085436e+01
-2.119335459405559874e+01
-2.200497855088471155e+01
-2.203933221117457819e+01
-2.155243220696689477e+01
-2.049612050952044484e+01
-1.890856056369814908e+01
-1.676802957812806127e+01
-1.394386941285609183e+01
-1.047958350845871855e+01
-6.755974854100774252e+00
-3.163871105015413576e+00
3.666999519627764381e-01
3.814029172624891828e+00
7.151625118988000906e+00
1.033151466857062672e+01
1.316035533962444326e+01
1.527385059047069937e+01
1.668700073518646221e+01
1.735730529888519769e+01
1.721542540313937764e+01
1.655981336542399163e+01
1.544140130308854886e+01
1.394149894127917833e+01
1.167339612192806086e+01
8.682989441326284918e+00
5.286120956256715075e+00
1.804309056750623252e+00
-1.621564878708334767e+00
-4.849400718632215224e+00
-7.890815433453056471e+00
-1.076125657917603284e+01
-1.324662904640728556e+01
-1.516500186945026840e+01
-1.644247123769538632e+01
-1.716558343750809712e+01
-1.718244357986470305e+01
-1.672503535934125551e+01
-1.575617815790332443e+01
-1.439735425209736874e+01
-1.274170552858665317e+01
-1.056785017788040726e+01
-7.912832249445528099e+00
-5.182374286653739226e+00
-2.590460801390835677e+00
-2.793277108305903811e-01
1.741426775078303457e+00
3.519833679248053571e+00
5.171191556246020227e+00
6.590765853226500326e+00
7.657722308068112937e+00
8.055565398219577844e+00
8.045819487325040598e+00
7.649036032728470325e+00
7.045273573691261504e+00
6.351971092924292073e+00
5.454009561787897198e+00
4.382027945537251057e+00
3.090644944286534468e+00
1.642954978277205935e+00
2.081424022438996546e-01
-1.084174254412629823e+00
-2.053472027191821425e+00
-2.963487953779103012e+00
-3.897325955518532226e+00
-4.630335863479182024e+00
-5.283464328665475662e+00
-5.531504214745849524e+00
-5.547574216749616483e+00
-5.375108108756912806e+00
-5.138912410314504520e+00
-4.863355098114849007e+00
-4.660142204844891722e+00
-4.207530327764605005e+00
-3.736316042128954962e+00
-3.061340267611533328e+00
-2.338877883544033587e+00
-2.003666879651176735e+00
-1.665927629500932650e+00
-1.683185582881898679e+00
-1.889417125619496929e+00
-2.132398810828638247e+00
-2.362359376962784641e+00
-2.731514118182279294e+00
-3.471759854161874159e+00
-4.141680701842314960e+00
-4.768948811719060821e+00
-5.287971842328207828e+00
-5.564989061298122763e+00
-5.509818833712099462e+00
-5.351437671193785661e+00
-5.164011809576448897e+00
-5.069399825215278099e+00
-4.335163262694483599e+00
-3.200801874880745856e+00
-1.707297331060436685e+00
-4.779634509696353839e-02
1.690248723397053343e+00
3.220472713416519639e+00
4.649687337742077986e+00
6.016135660330084178e+00
7.253191208742717500e+00
8.299032096474579845e+00
9.027306184142100065e+00
8.953899356855986369e+00
8.399215215473279983e+00
7.669273022776308402e+00
6.626389397511028179e+00
5.265180923872724961e+00
3.554934656582411368e+00
1.523585823934282546e+00
-1.045802507029760076e+00
-3.817505538313629820e+00
-6.483182220614335023e+00
-8.812344678231426087e+00
-1.092486033965632330e+01
-1.283343693973733224e+01
-1.444655361206349298e+01
-1.575042166549376432e+01
-1.664995480312087750e+01
-1.696115756249199436e+01
-1.649306684445011939e+01
-1.539033501212754373e+01
-1.393748419099725844e+01
-1.222930101764103483e+01
-1.020297699292245497e+01
-7.804400752001208197e+00
-5.032009589484214729e+00
-1.816756523923594768e+00
1.599896480903773233e+00
4.996316222732077428e+00
8.001732783346447775e+00
1.044902365491559060e+01
1.257492046539639219e+01
1.447743706184219548e+01
1.609022410112790169e+01
1.711351747391277200e+01
1.741152148257321741e+01
1.691905887287024157e+01
1.547803709027044761e+01
1.352449807726293152e+01
1.108763658826428689e+01
8.415191412887210731e+00
5.260272422226912603e+00
1.446543908787340627e+00
-2.703161138824634602e+00
-6.711331005619020296e+00
-1.053024735338020434e+01
-1.391643354781731112e+01
-1.688455623960726015e+01
-1.933250233170386068e+01
-2.137208429530671339e+01
-2.277842524015217407e+01
-2.345984123460929638e+01
-2.320801704841785096e+01
-2.191818198051741362e+01
-1.994661704334880170e+01
-1.739532642946538488e+01
-1.444843210581030668e+01
-1.111551331251188302e+01
-7.308479907499981110e+00
-3.052185348919947749e+00
1.467110498832425503e+00
5.806592858541474556e+00
9.467182820756610440e+00
1.252722078582739762e+01
1.497971525917149371e+01
1.697672822044573948e+01
1.842412901080738763e+01
1.917701773026916001e+01
1.932319826658048711e+01
1.855561048218748610e+01
1.688921753489033861e+01
1.465836417935298996e+01
1.211920150697982201e+01
9.146183652138192954e+00
5.783309200184937104e+00
2.098439454607566201e+00
-1.746264468637358513e+00
-5.425684239791915608e+00
-8.842140282746610680e+00
-1.196441511521658541e+01
-1.460762829867350021e+01
-1.691861864700078044e+01
-1.886722377310472964e+01
-2.008553631552248220e+01
-2.048415760807527164e+01
-2.040041694719791465e+01
-1.960879222256582821e+01
-1.820541571011430193e+01
-1.613256645069400008e+01
-1.360455005876470835e+01
-1.095594752694354135e+01
-8.047997850536981801e+00
-4.903099416607590300e+00
-1.444041174958289986e+00
1.988219630002046490e+00
5.123070204418898044e+00
7.824636240681917876e+00
1.003552052231495395e+01
1.173193484836011002e+01
1.297089135807904015e+01
1.390437603410850897e+01
1.417291116824487673e+01
1.360513225028626216e+01
1.239721739680002699e+01
1.065922219844085461e+01
8.578219586042868272e+00
6.359897956332173585e+00
3.995702992987626434e+00
1.534439369822314436e+00
-1.052215642537605911e+00
-3.609450454088189542e+00
-6.033482469155339700e+00
-8.019370687381625729e+00
-9.486606637088971894e+00
-1.047842514786022150e+01
-1.114894505084902576e+01
-1.158855207515670571e+01
-1.158106977811491944e+01
-1.122750156938124810e+01
-1.034808747629599956e+01
-9.090621736441189427e+00
-7.677945402004034747e+00
-6.448552541014956674e+00
-5.280421019572736796e+00
-4.128220617304728890e+00
-2.867661654368963475e+00
-1.621467372527142015e+00
-5.648263493885329334e-01
2.862372525544593649e-01
9.277276248362974487e-01
1.185921918508323181e+00
1.191621334252918052e+00
1.304240228769772081e+00
1.466279145410329221e+00
1.507579326280164889e+00
1.333695247868638578e+00
1.030439645194851872e+00
4.003723028741217882e-01
-2.393935054698351217e-01
-6.115478235746193425e-01
-6.662760102603062506e-01
-6.874328410467063222e-01
-8.850815195862171691e-01
-1.081307763804459032e+00
-1.223473252620070673e+00
-1.218626702230469538e+00
-1.064129270485339118e+00
-5.077183955121976622e-01
-1.911647324903528039e-02
4.948882550601232388e-01
8.152481239190081386e-01
1.044957856087206594e+00
1.441043624369804155e+00
1.632809035151746579e+00
1.684813245380330837e+00
1.601593928070661033e+00
1.428216067558250479e+00
8.908263091135892875e-01
-1.331843519824464639e-01
-1.145575149492400913e+00
-2.096300992517889483e+00
-3.265761756433974039e+00
-4.751783750772624160e+00
-6.347549073501385308e+00
-7.894003347099816104e+00
-9.330251743281531063e+00
-1.035541489615672894e+01
-1.095015383434430056e+01
-1.144441384489931579e+01
-1.164024283847589381e+01
-1.171334157108709562e+01
-1.124906319210636063e+01
-1.016248731384484927e+01
-8.526439549815428620e+00
-6.457991772492879257e+00
-4.118300735840068505e+00
-1.697903674138256935e+00
8.045730851110671766e-01
3.234352582571280443e+00
5.781859834125731901e+00
8.211831976532252497e+00
1.042884552085162220e+01
1.201957477737538760e+01
1.317656548072910638e+01
1.376405992615855389e+01
1.376299604517715203e+01
1.328413782611976401e+01
1.217225102737181253e+01
1.075466639924449019e+01
8.627269950553854372e+00
5.963855739146826096e+00
2.796472836323866673e+00
-3.895509396896420506e-01
-3.520864206642148275e+00
-6.553952691846505196e+00
-9.657185331233227643e+00
-1.257583546493986404e+01
-1.518583238012694991e+01
-1.736452621801524288e+01
-1.885775689310840519e+01
-1.962780164959646356e+01
-1.977162378102527285e+01
-1.965507127261432530e+01
-1.909976729170877974e+01
-1.794977634530195587e+01
-1.595839094960758686e+01
-1.337376356079141182e+01
-1.026049995544893889e+01
-6.740058569468372340e+00
-3.150158059202087024e+00
4.677201501090089142e-01
4.074992670214683699e+00
7.643339454053124982e+00
1.118258684869958230e+01
1.422968962327526832e+01
1.654944674122912929e+01
1.820299257417419980e+01
1.912764849497305875e+01
1.937533369956042151e+01
1.908285761136543712e+01
1.809776414286319124e+01
1.618833651689979902e+01
1.349203870927622972e+01
1.003967469778906718e+01
6.122999276404293312e+00
2.028853168004301377e+00
-2.031657042900261168e+00
-5.924778151346041355e+00
-9.748624263044165517e+00
-1.349137643022978850e+01
-1.696423554055068195e+01
-1.971102982169092854e+01
-2.151385119631093090e+01
-2.253734094488098094e+01
-2.289586516289995899e+01
-2.258013366784339837e+01
-2.152806042590181690e+01
-1.994782812246167936e+01
-1.773171979812408239e+01
-1.476728811211458492e+01
-1.111734974227892891e+01
-7.165866720475384533e+00
-3.380792314615337357e+00
1.983632571921198351e-01
3.651982519293239804e+00
6.963035423101821664e+00
1.004767322925348338e+01
1.276237110348825077e+01
1.481396230379161061e+01
1.611114302382738472e+01
1.672833478409927466e+01
1.667851739547279522e+01
1.629610642286896649e+01
1.553471748710982148e+01
1.400787926400948002e+01
1.186339716536684641e+01
9.068117898088976503e+00
5.970457186040744268e+00
2.721290876140637138e+00
-3.665999676722188072e-01
-3.261893841793448434e+00
-6.132653787939461587e+00
-9.028664027279610593e+00
-1.171058527924527404e+01
-1.389752736049120685e+01
-1.548187568875654385e+01
-1.650872423288993218e+01
-1.673662219626731940e+01
-1.649640009894594428e+01
-1.593966733781947021e+01
-1.534779410447339743e+01
-1.418112359350562635e+01
-1.224455145789146115e+01
-9.639932255669890537e+00
-6.886035625845360109e+00
-4.227075456220604543e+00
-1.761936276787504418e+00
6.104705338912986834e-01
2.758308300644557676e+00
4.717190511410631615e+00
6.523519730866379263e+00
7.867938879744537317e+00
8.530819471493266803e+00
8.629191213663698790e+00
8.281606514596338897e+00
7.733004197730727114e+00
7.201416959096293979e+00
6.419929565218890133e+00
5.194101787352597199e+00
3.672410925911156809e+00
1.835754848642619841e+00
1.027596800817410783e-01
-1.324264253944314351e+00
-2.356054737974798918e+00
-3.298838721677397334e+00
-4.132953985974799238e+00
-4.761404333751506179e+00
-5.234172429116399350e+00
-5.505832639693689856e+00
-5.387747239691863754e+00
-5.035373031380000697e+00
-4.613289989812756176e+00
-4.274014365069898957e+00
-3.947035822243371683e+00
-3.541882683250381358e+00
-2.994986601835868179e+00
-2.663898509229991163e+00
-2.237304009592209209e+00
-2.049938042267640093e+00
-2.045515294553249319e+00
-2.389019230589619180e+00
-2.889114355607105278e+00
-3.192743055081249892e+00
-3.443987803352679400e+00
-3.764536423724685221e+00
-4.013966223390703192e+00
-4.492747798578230700e+00
-5.086176964974816528e+00
-5.275247399270933002e+00
-5.352042642168432174e+00
-4.955553898676266833e+00
-4.669528079206647142e+00
-4.475064938997616260e+00
-4.335942043237591470e+00
-3.766876151936146222e+00
-2.811035016662891906e+00
-1.614877839901762702e+00
-1.952773122655484528e-01
1.315989391436118483e+00
2.697272992890582088e+00
3.789488579144493663e+00
4.837938746252267386e+00
5.976617584328453248e+00
6.939117095103510380e+00
7.694132058288770892e+00
8.089680753896017151e+00
8.003548994080244228e+00
7.556723351412292899e+00
6.831260956804690920e+00
5.802037196858540469e+00
4.448304011193414453e+00
2.674006184296076061e+00
3.188057322447432340e-01
-2.248974781554768487e+00
-4.878259552283169320e+00
-7.422659639055995129e+00
-9.822666694105290475e+00
-1.201243942353762684e+01
-1.384307563461119273e+01
-1.542872991188788134e+01
-1.679929974209045085e+01
-1.760847041275825120e+01
-1.761347127082437325e+01
-1.697525921273988203e+01
-1.558112069054103799e+01
-1.370847862327075184e+01
-1.137546196023174616e+01
-8.712427691809649488e+00
-5.807074392087115733e+00
-2.533040085379139050e+00
9.585269271741378994e-01
4.349466846562178191e+00
7.393598118828910160e+00
1.008577468975408920e+01
1.254525062736194130e+01
1.453225438780378731e+01
1.607072292454638429e+01
1.691977522477465357e+01
1.708908026245747536e+01
1.658356438806002942e+01
1.523535353606624909e+01
1.345534434590176431e+01
1.120048588801780376e+01
8.524525944348496864e+00
5.445508495580116737e+00
1.965431391042698372e+00
-1.869599057159774036e+00
-5.746134165442406072e+00
-9.435204271656903785e+00
-1.272694387105695490e+01
-1.548922811336994698e+01
-1.798924517237517051e+01
-2.013639884280875947e+01
-2.180820389235938705e+01
-2.264898294114880173e+01
-2.258990029730971827e+01
-2.173658537406149449e+01
-2.022611728735376602e+01
-1.814843162282147659e+01
-1.549620317956247284e+01
-1.249471576154331309e+01
-8.986730431496262383e+00
-5.001040673826889105e+00
-8.365995670618532332e-01
3.285460667479789265e+00
7.158033125921157591e+00
1.075231734420117391e+01
1.388472946322563217e+01
1.638308819536455729e+01
1.822869500734394066e+01
1.958185981807328702e+01
2.009880120213767185e+01
1.955486028337289639e+01
1.828371963901691188e+01
1.632146132501618752e+01
1.381651334337462700e+01
1.073015765625424223e+01
7.312649057750496340e+00
3.652589242243587719e+00
-3.865148236106635826e-01
-4.580105738705132268e+00
-8.513690043061288293e+00
-1.199750659934487018e+01
-1.489136311473318308e+01
-1.724507287454032678e+01
-1.897750177252841297e+01
-2.002839093494872102e+01
-2.050064457235217930e+01
-2.067044345988717424e+01
-1.985023253727252879e+01
-1.819578876936543921e+01
-1.598292188306604444e+01
-1.357834497948597985e+01
-1.094671217989092327e+01
-8.015909344234682266e+00
-4.915322568228214450e+00
-1.703441658529900371e+00
1.471421473559652027e+00
4.365024439551533852e+00
6.928630281405715685e+00
8.843729074667397327e+00
1.039514011046265551e+01
1.177116439073577503e+01
1.285069675106781162e+01
1.331200078350156346e+01
1.319809497759021788e+01
1.238769275709827156e+01
1.106063527955799763e+01
9.300836159747444043e+00
7.538921903676777170e+00
5.630833338864635884e+00
3.446700215707936277e+00
8.476755846526915494e-01
-1.992477320915437611e+00
-4.505181919004255242e+00
-6.596657702597666706e+00
-8.277915419995533597e+00
-9.639791511724279616e+00
-1.069983426775262991e+01
-1.153522215732002820e+01
-1.205584568251246225e+01
-1.217937798002087391e+01
-1.162582980662666365e+01
-1.061955137270533100e+01
-9.311137464540776065e+00
-7.840276540040642672e+00
-6.440744428374395980e+00
-5.063623853717570178e+00
-3.646521438552001282e+00
-2.059421956029197975e+00
-2.932514842080973239e-01
1.102849304553826126e+00
1.902107537331110709e+00
2.228635765179203254e+00
2.182176283713817888e+00
2.205049247314756933e+00
2.091675832757992293e+00
1.937647075155936705e+00
1.604074524094744714e+00
8.994892294289300594e-01
1.270083355534560310e-01
-6.180079077990062730e-01
-1.130360795545206853e+00
-1.261911177479885016e+00
-1.465532837164248203e+00
-1.534367317370449069e+00
-1.556243769433371504e+00
-1.423941760102725329e+00
-1.191254962163876607e+00
-5.617154693163729506e-01
1.775711795455908459e-01
8.999545202619173567e-01
1.251895435405196988e+00
1.497910091968608581e+00
1.922298857891522550e+00
2.200646486089675058e+00
2.408542096532003018e+00
2.332360400256180633e+00
1.967351147174079884e+00
1.385529740271648214e+00
5.050817442516923883e-01
-6.119536166964040236e-01
