-3.727619105083581985e+01
-1.522753885711767907e+01
1.191406030005569505e+01
3.796446378244701947e+01
6.415880821174627613e+01
9.003103033364277508e+01
1.130611646629111249e+02
1.353598775005235098e+02
1.553773368391107397e+02
1.702029121793312640e+02
1.849845903647836849e+02
1.976393917605045658e+02
2.049087764556963123e+02
2.101836198824112216e+02
2.143212584001962568e+02
2.147765364297882229e+02
2.151390725939804724e+02
2.127418257544512983e+02
2.017809098378448311e+02
1.840996974760645060e+02
1.643297628584143979e+02
1.440585672084755515e+02
1.210424690910995054e+02
9.683621009836325300e+01
7.306415174791992229e+01
4.787970467492355198e+01
2.237533360518654391e+01
-1.702282135770185167e+00
-2.848813110228763890e+01
-5.608676854539368151e+01
-8.154605662130805399e+01
-1.080963906487392308e+02
-1.330581739297617787e+02
-1.525005539006310755e+02
-1.685883544752046248e+02
-1.820935901846243894e+02
-1.890389021305128949e+02
-1.949794696444863007e+02
-2.038487363282649198e+02
-2.092848721687580280e+02
-2.083956552573721694e+02
-2.054419534596652852e+02
-2.011056857414693297e+02
-1.907237137844509789e+02
-1.751741899074574178e+02
-1.571490401381809363e+02
-1.364351146395216574e+02
-1.157042770602422621e+02
-9.488691215368677945e+01
-6.984552067352058202e+01
-4.382997491839057602e+01
-1.738180977066777544e+01
1.079777390599286946e+01
3.782615816818245946e+01
6.371450976279662370e+01
9.003176211864480649e+01
1.167196717653845752e+02
1.379116101780943211e+02
1.551806965589712775e+02
1.736746029167827885e+02
1.888233241611568474e+02
1.977837639666676921e+02
2.052177998466245299e+02
2.122685804018603051e+02
2.159532409231725012e+02
2.163102524470203889e+02
2.129678666419628996e+02
2.040471760521555211e+02
1.928034776500141732e+02
1.788720332517066822e+02
1.606483630082162506e+02
1.420989521772692115e+02
1.215270169683379891e+02
9.808432034166165181e+01
7.465662083213756262e+01
5.050075033713346784e+01
2.656490749234589188e+01
2.626433991818919456e+00
-2.226628605964028296e+01
-4.822792054631899106e+01
-7.702299638127657033e+01
-1.046540752375393737e+02
-1.276657554565157255e+02
-1.481188361110116034e+02
-1.658434278843100458e+02
-1.800304794954386409e+02
-1.930242008975170620e+02
-2.030157216865037810e+02
-2.075835584930361222e+02
-2.102483189319550547e+02
-2.089154298780163401e+02
-2.033797824607677853e+02
-1.976622191546028375e+02
-1.886620674787672272e+02
-1.740379346776978764e+02
-1.567120583033854189e+02
-1.341453597861158471e+02
-1.069809831922607657e+02
-8.203551412272112486e+01
-6.087979617497413187e+01
-3.965566361786036964e+01
-1.346006916630556383e+01
1.371864258381624779e+01
3.883664789459862021e+01
6.417219042824487474e+01
8.906193780714592378e+01
1.122984379464683400e+02
1.354795778499024550e+02
1.549360711978362986e+02
1.697070750269251675e+02
1.849424607424203373e+02
1.966104003614938449e+02
2.040891796329367196e+02
2.108131659200976742e+02
2.146777421789062146e+02
2.143740564707426017e+02
2.147134897304918297e+02
2.110024795775892414e+02
1.976031521704989586e+02
1.794852713578145256e+02
1.612886746174105213e+02
1.412768431985699920e+02
1.174406251792106275e+02
9.410184404955838033e+01
7.193605379995780424e+01
4.772582211359037530e+01
2.244359847828214072e+01
-2.755635873095812816e+00
-3.013151016908277668e+01
-5.663017012625262225e+01
-8.223414217823145123e+01
-1.098441020126849708e+02
-1.332673607767826525e+02
-1.513531158508571650e+02
-1.674840915687995277e+02
-1.809291106282238104e+02
-1.883020987310438841e+02
-1.955714842267276481e+02
-2.046834926865365389e+02
-2.087362430496538650e+02
-2.082274497996981495e+02
-2.072082705368767392e+02
-2.035356280041983439e+02
-1.923723203894913354e+02
-1.763142065019140716e+02
-1.576712204466054743e+02
-1.366931206031651413e+02
-1.159847593366018828e+02
-9.371323176058538706e+01
-6.781972966907147793e+01
-4.234748244368331171e+01
-1.623468285335319905e+01
1.140233425462363392e+01
3.769276348029158186e+01
6.354274825517357783e+01
8.988195448195617132e+01
1.157844509428187081e+02
1.374874916981077320e+02
1.576432582649495657e+02
1.774630534983612620e+02
1.911698442797163295e+02
1.997443186881622808e+02
2.079246717398003739e+02
2.139889008373500587e+02
2.159055694021243994e+02
2.150777175368005203e+02
2.100354999701876295e+02
2.005743359290834178e+02
1.902943978500865114e+02
1.766606857644875959e+02
1.598984907631341343e+02
1.434720920974308171e+02
1.239113783999178224e+02
1.006870702704611773e+02
7.612876147053339082e+01
5.006094746537106488e+01
2.551981184950866677e+01
2.705675569688704929e+00
-2.218558171225850018e+01
-5.051161347374046784e+01
-7.996676023431271574e+01
-1.055574108293460824e+02
-1.277032846605286949e+02
-1.482838016692221572e+02
-1.657352277673090839e+02
-1.801394113974415916e+02
-1.927896148023001217e+02
-2.017528717597439822e+02
-2.080352782212470402e+02
-2.120607425100774606e+02
-2.103590350573117576e+02
-2.066293257637905754e+02
-2.021105295285296108e+02
-1.915357869012682102e+02
-1.758263145084850407e+02
-1.578088997544732592e+02
-1.338958210841250605e+02
-1.059171760054406661e+02
-8.209133808359642615e+01
-6.280595836474613947e+01
-4.140023974744978830e+01
-1.572452441859629779e+01
9.510146019407649476e+00
3.460724280420504329e+01
6.132272301047741081e+01
8.704785592991508736e+01
1.115336174882025233e+02
1.357719789488126310e+02
1.556060733072197309e+02
1.720864192530339949e+02
1.881221695955703126e+02
1.989338165860562810e+02
2.062349806812900397e+02
2.126496310071293010e+02
2.150879568011044967e+02
2.139828627349404826e+02
2.141078840369116278e+02
2.100561767477000217e+02
1.963062192304858229e+02
1.791273231956025143e+02
1.620659345499624919e+02
1.414359549121384987e+02
1.169976854591018736e+02
9.386766972343576754e+01
7.141376719943004048e+01
4.688520967225053937e+01
2.163748566126015760e+01
-4.617399395632528325e+00
-3.206289989710004562e+01
-5.689905100543131056e+01
-8.185800473776227193e+01
-1.076172814430123879e+02
-1.284099801482519467e+02
-1.465493672192258714e+02
-1.643941799936388861e+02
-1.793113439089931092e+02
-1.889358247105940620e+02
-1.980435587153641563e+02
-2.065031306281880177e+02
-2.089121851365826217e+02
-2.080663536883339475e+02
-2.069052090597338633e+02
-2.017082584513183008e+02
-1.896864642909517897e+02
-1.742083380939220660e+02
-1.563536933540528366e+02
-1.368614325159924192e+02
-1.171956539358347555e+02
-9.447230080089015303e+01
-6.871407555744374918e+01
-4.320116130314819713e+01
-1.565657454338220589e+01
1.368309697710690997e+01
4.090279075401759457e+01
6.648515176537877380e+01
9.161670346844795176e+01
1.164024943206390503e+02
1.392940565896179237e+02
1.607328522386846430e+02
1.791648704712103779e+02
1.907087156334623330e+02
1.985662490099768718e+02
2.072239355753243331e+02
2.136288626226811687e+02
2.155694726841657598e+02
2.148216982223848106e+02
2.096812125360377479e+02
2.006210645318631123e+02
1.911528860097361076e+02
1.783746284756194598e+02
1.625361587303680722e+02
1.466555675093600541e+02
1.269855017186874591e+02
1.027890698690488591e+02
7.704255293932264692e+01
5.010119609316784306e+01
2.480350035195415614e+01
1.458714535954866331e+00
-2.309560858837048514e+01
-5.163657457335622780e+01
-8.102314353832747429e+01
-1.056168948808415138e+02
-1.266684378028858191e+02
-1.467620041224285501e+02
-1.650320881664848116e+02
-1.809098761810731730e+02
-1.951390630504216688e+02
-2.048423642963519740e+02
-2.100244780979813584e+02
-2.128552516784864110e+02
-2.104359778639404226e+02
-2.055691793050325771e+02
-1.992257305131873579e+02
-1.873218555307701934e+02
-1.721187810215447769e+02
-1.555657712532220955e+02
-1.335591998490086212e+02
-1.075353621153359143e+02
-8.537193061564923369e+01
-6.719185753416341811e+01
-4.574264941305878551e+01
-1.963800710452609621e+01
6.458812221189570657e+00
3.271066771139310703e+01
6.039785079624284947e+01
8.680134939815754080e+01
1.113659333197061727e+02
1.342594832274668022e+02
1.533766357404444136e+02
1.711881015041402634e+02
1.880631041212414232e+02
1.989456281399555735e+02
2.070781014131472659e+02
2.148374586267288464e+02
2.179107652644799771e+02
2.169367658530875929e+02
2.158623905497777287e+02
2.097164176876891020e+02
1.948512225253977022e+02
1.774408722126116515e+02
1.606110417094895126e+02
1.404490907080030127e+02
1.169372618933741705e+02
9.467095942811481279e+01
7.208847197778891314e+01
4.719987639899053988e+01
2.150314949303495382e+01
-6.013856933595645771e+00
-3.327505016105071434e+01
-5.643049928987004193e+01
-8.000449993415001870e+01
-1.045182761237462046e+02
-1.246462036618837317e+02
-1.428532260715762447e+02
-1.617338287979565621e+02
-1.776506113896139709e+02
-1.888892001484854575e+02
-1.995192544271609165e+02
-2.090479625021771994e+02
-2.115676239679571893e+02
-2.094168079525590827e+02
-2.061832483948433605e+02
-1.986528456999834589e+02
-1.858820173716401314e+02
-1.716040213549394480e+02
-1.554212959959419038e+02
-1.368538015413988660e+02
-1.180538293490349275e+02
-9.583582632521057576e+01
-6.993511247371174022e+01
-4.411976045813207037e+01
-1.595890682606113664e+01
1.483628626878587831e+01
4.364531148107580094e+01
6.954599914674706440e+01
9.393290614297937680e+01
1.171433766862307664e+02
1.383195302465856003e+02
1.587490887820298724e+02
1.765900337365925452e+02
1.886379739696830313e+02
1.982801225843074349e+02
2.087935101217712770e+02
2.163119010882900000e+02
2.184025250777593783e+02
2.174206849964411674e+02
2.120241791951863206e+02
2.024852363457243598e+02
1.922755491516087716e+02
1.785532907868241068e+02
1.614259365007156646e+02
1.439021749186908323e+02
1.234733544481529037e+02
1.002892925190049738e+02
7.608632053965467890e+01
5.016172548961272781e+01
2.493867136930445838e+01
1.161192366958636812e+00
-2.342250590756240314e+01
-5.184450736964938500e+01
-8.079628905433906993e+01
-1.044498023688163357e+02
-1.249603481228980257e+02
-1.448194283464167711e+02
-1.630126748863935973e+02
-1.788783361861511025e+02
-1.927216616991058800e+02
-2.017976128997978833e+02
-2.076279860731426083e+02
-2.103786832396587556e+02
-2.074333578797957216e+02
-2.030833058127770130e+02
-1.972377838866887316e+02
-1.854829849320141477e+02
-1.709124854027282083e+02
-1.552948017595206522e+02
-1.352144967618062594e+02
-1.124416659011603770e+02
-9.171619138998117648e+01
-7.158925774945672060e+01
-4.652336055439663198e+01
-1.843840097996879024e+01
7.993890547354744136e+00
3.466547262891674563e+01
6.241716021171895790e+01
8.819069499927269362e+01
1.124952861318940336e+02
1.352545006719215337e+02
1.534930961903598927e+02
1.707353362549239648e+02
1.867176654484971152e+02
1.973428096339086153e+02
2.064867131373027576e+02
2.148612934922298621e+02
2.180068388297001150e+02
2.173869173331813158e+02
2.148114418757964472e+02
2.057833894221493836e+02
1.908954029492603013e+02
1.758668035399175267e+02
1.603725835768880756e+02
1.407401329020163132e+02
1.195359318795029253e+02
9.927974104494302310e+01
7.613785521463893247e+01
5.021399437708709002e+01
2.428152794881584242e+01
-3.249276680941832307e+00
-3.098090360807876920e+01
-5.614635628544826318e+01
-8.173203537061078805e+01
-1.055792606596093890e+02
-1.241238128446288584e+02
-1.412995436461354473e+02
-1.600072356553281452e+02
-1.767421521241771529e+02
-1.905397934027536166e+02
-2.019276636475541693e+02
-2.079670131720954771e+02
-2.077243945943968129e+02
-2.058904432772948212e+02
-2.027444896710345574e+02
-1.945739830962106680e+02
-1.831358391444998972e+02
-1.705423056715162318e+02
-1.548939936278772791e+02
-1.371912587782444177e+02
-1.181740505262055052e+02
-9.392482268139659141e+01
-6.783488839108548518e+01
-4.181735760071778429e+01
-1.328057425740791508e+01
1.510255032691778609e+01
4.198165100819052498e+01
6.785620243357557513e+01
9.190324893266998174e+01
1.146278144838320543e+02
1.368306608480125419e+02
1.581066864829367091e+02
1.746024014705333514e+02
1.868746856586687386e+02
2.005094528824315034e+02
2.131577688041455758e+02
2.195594559520388884e+02
2.203901589578086089e+02
2.180411326241078598e+02
2.118326601611889259e+02
2.036336142618424958e+02
1.928675629333580162e+02
1.772110912130512190e+02
1.608223174563632654e+02
1.421592728679357549e+02
1.208520992666666700e+02
1.001315397103333709e+02
7.694971962567794321e+01
5.047639141586067524e+01
2.480370987123046689e+01
-1.910428926401711025e-01
-2.848562281177020594e+01
-5.921357977718436416e+01
-8.596164593880253335e+01
-1.080450616276091438e+02
-1.299818566939201219e+02
-1.498724027575334503e+02
-1.660109023574741229e+02
-1.804551242826290434e+02
-1.923513797172688555e+02
-1.997284412741817903e+02
-2.053596628249454739e+02
-2.071402221200154088e+02
-2.052830596402651508e+02
-2.034610106878653824e+02
-1.967912907071690825e+02
-1.838087659794092588e+02
-1.700520112182869354e+02
-1.546374504337457836e+02
-1.354326749262516500e+02
-1.161172111062243459e+02
-9.616167829945305812e+01
-7.246300867179142813e+01
