-5.834950473029712725e+01
-3.532391886066329079e+01
-1.034735599948588103e+01
1.679079194890166349e+01
4.277448757516603450e+01
6.881240704027513289e+01
9.445919434263326764e+01
1.172006372050221188e+02
1.391416451403147221e+02
1.587473437659418209e+02
1.730967453761122954e+02
1.873619970659716785e+02
1.994601156204643644e+02
2.061452131742794052e+02
2.108311672512211885e+02
2.143385108640333101e+02
2.141945477075406927e+02
2.139440432206431524e+02
2.109648094489124901e+02
1.994541113186033954e+02
1.812507192532229681e+02
1.610046126955688806e+02
1.403067040780080390e+02
1.169352030575334709e+02
9.242299655398855407e+01
6.842665438361748897e+01
4.308118550817267334e+01
1.749975116590515256e+01
-6.579015574662203214e+00
-3.329585289578539431e+01
-6.074611879188357477e+01
-8.598342146699935995e+01
-1.122404636092006314e+02
-1.368330409420273668e+02
-1.558751612458125635e+02
-1.714764380440707043e+02
-1.844709968858123545e+02
-1.908584749908620495e+02
-1.962251071997702070e+02
-2.044859318607633725e+02
-2.093124764689065387e+02
-2.078113681159954638e+02
-2.042492242955031827e+02
-1.993263674367092619e+02
-1.883923148468591364e+02
-1.723252116846158515e+02
-1.538181403474204387e+02
-1.326947525549301474e+02
-1.115935598178903803e+02
-9.047139840013687717e+01
-6.520227368130315426e+01
-3.903375417076884446e+01
-1.250277791264660721e+01
1.568600839076090736e+01
4.262813033376522753e+01
6.837040880050069802e+01
9.445877691807072551e+01
1.208568423082743379e+02
1.416991292358465273e+02
1.585449520678413364e+02
1.765638374852594552e+02
1.912076314898704368e+02
1.996044878266274623e+02
2.064576859839474139e+02
2.129069251439233881e+02
2.159762448049706052e+02
2.157225140968579069e+02
2.117774376869759578e+02
2.022701597466166845e+02
1.904697767132010995e+02
1.760299574464368106e+02
1.573232128453707332e+02
1.383528404647627212e+02
1.174128485172002883e+02
9.367570900568343006e+01
7.001797425827055577e+01
4.570682979868693963e+01
2.168472463471409384e+01
-2.251448656637675239e+00
-2.706940743478763522e+01
-5.288611979319824741e+01
-8.146381422579975151e+01
-1.087992974075653763e+02
-1.314498233054821128e+02
-1.514784912015311988e+02
-1.687395630803123368e+02
-1.824044349878407729e+02
-1.948495251758272673e+02
-2.042602100322230854e+02
-2.082150026075735809e+02
-2.102713228137531019e+02
-2.083391925737298038e+02
-2.021893535057808720e+02
-1.958863520586286029e+02
-1.863214659144285861e+02
-1.711878072452917365e+02
-1.533892101397611327e+02
-1.303980970739987413e+02
-1.028668147411230649e+02
-7.761885115960663484e+01
-5.623999860149650232e+01
-3.486059386984926078e+01
-8.579886308673765782e+00
1.859652523227284249e+01
4.365242131523260838e+01
6.881658842007291810e+01
9.350045365244785955e+01
1.164390596981439217e+02
1.392544448621680147e+02
1.582980264975311400e+02
1.726009100137522410e+02
1.873256188615693816e+02
1.984345736401933777e+02
2.053336661886100103e+02
2.114469120338563641e+02
2.147064956886192419e+02
2.137851689110155178e+02
2.135219097758943008e+02
2.092254632720504048e+02
1.952740516520362917e+02
1.766305435070580074e+02
1.579589240362145972e+02
1.375307314860635302e+02
1.133368085643843699e+02
8.968863050518369562e+01
6.729740722609079739e+01
4.292730115679343328e+01
1.756341562065034267e+01
-7.631218312377202828e+00
-3.493693175340533230e+01
-6.128836937313189281e+01
-8.667265802353338700e+01
-1.139916261819321903e+02
-1.370456772077880316e+02
-1.547254229868634354e+02
-1.703710241380549633e+02
-1.833019169110613689e+02
-1.901285740089647049e+02
-1.968079191552646989e+02
-2.053287398461712598e+02
-2.087626981402377737e+02
-2.076374094503143510e+02
-2.060189925815004415e+02
-2.017574606990489201e+02
-1.900409214518995213e+02
-1.734652282790725053e+02
-1.543437700745847678e+02
-1.329470088906586795e+02
-1.118682906762889786e+02
-8.930231842538589149e+01
-6.317303325811429460e+01
-3.755471111480134994e+01
-1.135565099533202904e+01
1.628021690308023040e+01
4.249818506461412682e+01
6.819864729287763794e+01
9.431702090851831599e+01
1.199262236941049338e+02
1.412669591287237267e+02
1.610109631925593874e+02
1.803488368580521524e+02
1.935518513992546730e+02
2.015638933385575058e+02
2.091622576679480403e+02
2.146249453702379242e+02
2.159354739114480708e+02
2.144899791866380099e+02
2.088508224331617669e+02
1.987904189960190138e+02
1.879698977499742512e+02
1.738071071232956228e+02
1.565710403911133994e+02
1.397236801757491662e+02
1.198075617850915506e+02
9.627270751652193326e+01
7.149701552419199402e+01
4.525552588104850571e+01
2.064538040983790523e+01
-2.173358078378517799e+00
-2.699675292449603603e+01
-5.516866351105515776e+01
-8.439837545208904146e+01
-1.097003327901968674e+02
-1.314862032999305086e+02
-1.516457569689169986e+02
-1.686336631724866209e+02
-1.825179690982402008e+02
-1.946137880809996830e+02
-2.029927578970668662e+02
-2.086736247533561368e+02
-2.120860466010507821e+02
-2.097712967071492187e+02
-2.054354456000178004e+02
-2.003381136413412094e+02
-1.892043861736303825e+02
-1.729704356581178502e+02
-1.544872008004135466e+02
-1.301439579536575764e+02
-1.018030075543029653e+02
-7.768157574800757459e+01
-5.816386237213936283e+01
-3.660286800021742692e+01
-1.085124397853616252e+01
1.438802866786424417e+01
3.941726659692405121e+01
6.597977125774605156e+01
9.148062214730202868e+01
1.156776904486639239e+02
1.395491461702534366e+02
1.589634263985180951e+02
1.749871548673867210e+02
1.905041785051547549e+02
2.007533894464054356e+02
2.074748668186129237e+02
2.132856755400171664e+02
2.151155611012530073e+02
2.133985755935637769e+02
2.129174550819246861e+02
2.082803096517257586e+02
1.939736692932833648e+02
1.762771957631964028e+02
1.587384841779417570e+02
1.376909924091966104e+02
1.128789165896137519e+02
8.945905838745753158e+01
6.677512062556303363e+01
4.209244013341463386e+01
1.675960301280356290e+01
-9.499882462439529718e+00
-3.687637310855883754e+01
-6.154574920643454305e+01
-8.629882079223939684e+01
-1.117556029855127662e+02
-1.321917495780892011e+02
-1.499147719376604755e+02
-1.672834145621155528e+02
-1.816922000289208938e+02
-1.907622999885148829e+02
-1.992845958522976275e+02
-2.071391751610758831e+02
-2.089455408546921831e+02
-2.074786153381714087e+02
-2.057147801047469216e+02
-1.999335423549546533e+02
-1.873470119361776938e+02
-1.713547594527300930e+02
-1.530354456087789856e+02
-1.331072691763497176e+02
-1.130826346942616283e+02
-9.006023825612608391e+01
-6.406852835605111807e+01
-3.841299218266269833e+01
-1.078099210410081810e+01
1.857133146187494432e+01
4.570821233834013952e+01
7.113875059390761635e+01
9.604946789578883681e+01
1.205431160723146320e+02
1.430769752290197232e+02
1.640948075383795128e+02
1.820564052488622622e+02
1.930872715442149286e+02
2.003927242878976358e+02
2.084603705038614123e+02
2.142695093639654544e+02
2.155947767751390245e+02
2.142339598722223002e+02
2.084919327906154365e+02
1.988428990167597590e+02
1.888203342824876074e+02
1.755279522519991531e+02
1.592098593579579529e+02
1.429060027980217171e+02
1.228828361034718171e+02
9.837930753345997914e+01
7.240390636545564007e+01
4.529922571763111705e+01
1.992791791267276125e+01
-3.422619321287559302e+00
-2.790217938225760719e+01
-5.629822502902133152e+01
-8.545360954653922647e+01
-1.097621170508675164e+02
-1.304594062793778164e+02
-1.501193590037729848e+02
-1.679259231533119419e+02
-1.832930343002221605e+02
-1.969620871195566849e+02
-2.060764990157138357e+02
-2.106708744671806812e+02
-2.128817067690703482e+02
-2.098459393046026946e+02
-2.043764501408704746e+02
-1.974487124176024793e+02
-1.849950570115288144e+02
-1.692606019620023972e+02
-1.522348714624616264e+02
-1.298119371368915154e+02
-1.034234938733734168e+02
-8.095411665292414227e+01
-6.254861054194600456e+01
-4.095908071092370051e+01
-1.475667503732972285e+01
1.133784586925679072e+01
3.752068971406606579e+01
6.505374983394690958e+01
9.123296461593385231e+01
1.155054058618171382e+02
1.380331992401217747e+02
1.567431914584896617e+02
1.740807872814027917e+02
1.904428110316046343e+02
2.007732526274409679e+02
2.083156873412949324e+02
2.154781035779671186e+02
2.179372203550638858e+02
2.163490275029250256e+02
2.146685103860050106e+02
2.079428525909361554e+02
1.925198217977598460e+02
1.745907447802055117e+02
1.572858915466439953e+02
1.367006787863213617e+02
1.128150418151002299e+02
9.026809772005155708e+01
6.745097640353255031e+01
4.240135544219359787e+01
1.662181563579252952e+01
-1.089288879161681756e+01
-3.808047174537326640e+01
-6.108524911800952140e+01
-8.443496415231571461e+01
-1.086635000838182492e+02
-1.284245200928890824e+02
-1.462220819987966820e+02
-1.646253635756084748e+02
-1.800257178816267469e+02
-1.907179738455354254e+02
-2.007568403553086114e+02
-2.096874600338969401e+02
-2.115917770593198668e+02
-2.088302188119611458e+02
-2.049916702302919020e+02
-1.968838792315348485e+02
-1.835483182248730998e+02
-1.687481425045722858e+02
-1.521041974602325979e+02
-1.331019384109313819e+02
-1.139396608978972267e+02
-9.142606398962172420e+01
-6.528611406353329016e+01
-3.932584170973159132e+01
-1.107987317799391569e+01
1.972222054437871464e+01
4.845073306539835301e+01
7.419614676649007379e+01
9.837257298789194238e+01
1.212793980195559129e+02
1.420978484676370215e+02
1.621121932912892873e+02
1.794838687234196470e+02
1.910176808800462140e+02
2.001077470717928293e+02
2.100310960499189434e+02
2.169467964116132350e+02
2.184347297962582957e+02
2.168283462279282219e+02
2.108406508677250031e+02
2.007036196218351165e+02
1.899429992144062851e+02
1.757020123548073229e+02
1.581019373374807913e+02
1.401549122065737549e+02
1.193637864153656096e+02
9.588528160137715872e+01
7.144307354743727956e+01
4.536435374238035934e+01
2.006423992963369685e+01
-3.721290699848364802e+00
-2.823137870067078481e+01
-5.650155561691801154e+01
-8.523365569007643217e+01
-1.085950263288883519e+02
-1.287421157626892239e+02
-1.481825328556761860e+02
-1.659053588736100551e+02
-1.812545936777745226e+02
-1.945435347686302521e+02
-2.030386500367313829e+02
-2.082732332327773292e+02
-2.104028363310214331e+02
-2.068467705292438268e+02
-2.018940260673546447e+02
-1.954561671627995167e+02
-1.831573356223373423e+02
-1.680623561802759980e+02
-1.519593015504097195e+02
-1.314706852584749868e+02
-1.083297976591978795e+02
-8.730067763643127421e+01
-6.694486154767473352e+01
-4.173058922551467731e+01
-1.355821812233699220e+01
1.286717098741488030e+01
3.947779663081095691e+01
6.707190824981239530e+01
9.262001000787380178e+01
1.166347586740050417e+02
1.390408687300631243e+02
1.568539004904440901e+02
1.736234216138360580e+02
1.890950721496851088e+02
1.991646827034329590e+02
2.077358001113264550e+02
2.154973398151637980e+02
2.180298427114982189e+02
2.168003281925833505e+02
2.136244641295953670e+02
2.040063731166105470e+02
1.885617020124472276e+02
1.730178253170759888e+02
1.570474352040886004e+02
1.369905681906780046e+02
1.154229144279758543e+02
9.486997870935415733e+01
7.150265984955777299e+01
4.541547342029014089e+01
1.940364530035925128e+01
-8.128308538963002761e+00
-3.578862540157652461e+01
-6.080455732237357580e+01
-8.616710000712689066e+01
-1.097233336200708038e+02
-1.279021310656802655e+02
-1.446637991550054778e+02
-1.628999196425446314e+02
-1.791218590345403356e+02
-1.923674178902390111e+02
-2.031675497848770533e+02
-2.086030594950293562e+02
-2.077496986853701060e+02
-2.053073053454827175e+02
-2.015552099256121892e+02
-1.927969667906718598e+02
-1.807998379985116060e+02
-1.676944784482853095e+02
-1.515676942554671882e+02
-1.334416958569521512e+02
-1.140598820750677902e+02
-8.950930892784670334e+01
-6.319279239847870144e+01
-3.702803748062165567e+01
-8.399242190211541725e+00
1.998733539294604000e+01
4.679282222042805728e+01
7.250520084375401098e+01
9.633946635884275622e+01
1.187649850267218170e+02
1.406112792782391807e+02
1.614720912013713132e+02
1.774916360390100465e+02
1.892566927782071105e+02
2.023336261611310931e+02
2.143930545231180247e+02
2.202035539021090358e+02
2.204131610495606424e+02
2.174522450643807190e+02
2.106399309970268234e+02
2.018611983746540943e+02
1.905327109969343553e+02
1.743655641989954859e+02
1.574948688743885725e+02
1.384097081565974463e+02
1.167425330239254322e+02
9.571947716556931596e+01
7.231337326098613971e+01
4.568362187702476973e+01
1.991892659524825859e+01
-5.070076540707393775e+00
-3.329219360565733155e+01
-6.387062981449906118e+01
-9.039441215618947467e+01
-1.121937350064209511e+02
-1.337647735432758793e+02
-1.532297576388778850e+02
-1.689070375534764139e+02
-1.828313817742524350e+02
-1.941778532051436343e+02
-2.009637269931542676e+02
-2.060049099845801948e+02
-2.071574745838524620e+02
-2.047045221268034254e+02
-2.022728819420536581e+02
-1.950108231928444127e+02
-1.814819674601678798e+02
-1.671938321587445557e+02
-1.513134512705108818e+02
-1.316796607961734935e+02
-1.120053428642618769e+02
-9.174501533633858230e+01
