-1.725856999999999974e+00
-2.766769000000000034e+00
-3.969600000000000239e+00
-5.337564000000000419e+00
-6.662476999999999983e+00
-7.915426000000000073e+00
-9.041152999999999551e+00
-9.990823999999999927e+00
-1.055175999999999981e+01
-1.072974299999999914e+01
-1.090901099999999957e+01
-1.072653099999999959e+01
-1.041297199999999989e+01
-9.515989000000001141e+00
-8.201997999999999678e+00
-6.612358999999999654e+00
-4.729722999999999900e+00
-2.668461000000000194e+00
-4.953969999999999763e-01
1.826736000000000137e+00
4.174570000000000114e+00
6.613001999999999825e+00
8.875377999999999545e+00
1.089230500000000035e+01
1.228468499999999963e+01
1.323435700000000104e+01
1.360445899999999853e+01
1.353891999999999918e+01
1.292979399999999934e+01
1.192486399999999946e+01
1.009620100000000065e+01
7.677045000000000563e+00
4.837026999999999965e+00
1.664815999999999852e+00
-1.781757999999999953e+00
-5.205200999999999745e+00
-8.561176999999998927e+00
-1.183169599999999910e+01
-1.476488200000000006e+01
-1.715126899999999921e+01
-1.893623900000000049e+01
-2.012172200000000188e+01
-2.077711100000000144e+01
-2.083558199999999871e+01
-2.020718000000000103e+01
-1.894266500000000164e+01
-1.694951199999999858e+01
-1.432410100000000064e+01
-1.105229700000000115e+01
-7.460510000000000197e+00
-3.715154999999999763e+00
1.105170000000000041e-01
3.807037999999999922e+00
7.245902000000000065e+00
1.050742500000000135e+01
1.347530800000000006e+01
1.589510699999999943e+01
1.755156999999999812e+01
1.835666999999999760e+01
1.857256299999999882e+01
1.827056999999999931e+01
1.742627500000000040e+01
1.588803899999999913e+01
1.376059500000000035e+01
1.086981700000000117e+01
7.389829999999999899e+00
3.661824000000000190e+00
-2.139649999999999885e-01
-3.985663999999999874e+00
-7.636565000000000047e+00
-1.129646200000000000e+01
-1.479636700000000005e+01
-1.782914600000000149e+01
-2.015834699999999913e+01
-2.177561500000000194e+01
-2.263468899999999806e+01
-2.258714100000000258e+01
-2.211101999999999990e+01
-2.107139300000000048e+01
-1.938987099999999941e+01
-1.680879600000000096e+01
-1.351514599999999966e+01
-9.746016999999998376e+00
-5.715376000000000012e+00
-1.678952000000000000e+00
2.265589000000000297e+00
5.872155000000000236e+00
9.167733000000000132e+00
1.229175299999999993e+01
1.475974199999999925e+01
1.638857599999999692e+01
1.725921500000000108e+01
1.750273699999999977e+01
1.712492499999999751e+01
1.613927100000000081e+01
1.464279999999999937e+01
1.256226199999999871e+01
9.789068000000000325e+00
6.611073999999999451e+00
3.139441000000000148e+00
-3.662469999999999892e-01
-3.580222000000000016e+00
-6.311009000000000313e+00
-8.744301000000000101e+00
-1.120329400000000142e+01
-1.338471100000000114e+01
-1.506816000000000066e+01
-1.617396800000000212e+01
-1.650937300000000008e+01
-1.631596899999999906e+01
-1.573318699999999914e+01
-1.477516299999999916e+01
-1.344639399999999974e+01
-1.175330600000000025e+01
-9.731882000000000588e+00
-7.476573000000000135e+00
-5.105608000000000146e+00
-2.726932000000000134e+00
-5.384469999999998979e-01
1.474625000000000075e+00
3.379750000000000032e+00
5.145445000000000491e+00
6.500557999999999836e+00
7.473360000000000447e+00
8.055500000000000327e+00
8.242477999999998417e+00
7.987390999999999686e+00
7.409106000000000414e+00
6.925275000000000070e+00
6.052065999999999946e+00
4.784981000000000151e+00
3.214617999999999753e+00
1.544019000000000030e+00
-1.574220000000000064e-01
-1.702083000000000013e+00
-2.976878999999999831e+00
-3.881571999999999800e+00
-4.790764000000000244e+00
-5.691601999999999606e+00
-6.287878000000000078e+00
-6.368836999999999193e+00
-6.151659000000000432e+00
-5.643412000000000539e+00
-5.023363000000000689e+00
-4.211195000000000022e+00
-3.724150999999999989e+00
-3.253169999999999895e+00
-2.582361000000000129e+00
-1.869785999999999948e+00
-1.348687000000000191e+00
-1.121871000000000063e+00
-1.275438000000000072e+00
-1.541449000000000069e+00
-1.942393000000000036e+00
-2.570152000000000214e+00
-3.143295999999999868e+00
-3.663109999999999644e+00
-4.337131999999999543e+00
-5.243752999999999886e+00
-5.994880000000000209e+00
-6.289163000000000281e+00
-6.261533000000000015e+00
-5.967251000000000083e+00
-5.553457000000000754e+00
-4.898068000000000310e+00
-4.076261999999999830e+00
-3.099604000000000248e+00
-1.736779999999999990e+00
-1.079460000000000003e-01
1.429004999999999859e+00
2.746208000000000204e+00
3.916911999999999949e+00
5.097255000000000535e+00
6.267316000000000109e+00
6.993383999999999823e+00
7.600583000000000311e+00
8.121038999999999675e+00
8.102404999999999191e+00
7.418102000000000196e+00
6.470358000000000054e+00
5.322142999999999624e+00
3.974741000000000302e+00
2.390241999999999756e+00
4.626270000000000104e-01
-1.741277999999999881e+00
-4.143728000000000300e+00
-6.587943000000000104e+00
-8.860599999999999810e+00
-1.082548099999999991e+01
-1.249029800000000101e+01
-1.413198199999999893e+01
-1.558668900000000157e+01
-1.649202500000000171e+01
-1.691931199999999791e+01
-1.657234199999999902e+01
-1.565608300000000064e+01
-1.421230000000000082e+01
-1.243503899999999973e+01
-1.028189399999999942e+01
-7.661623999999999768e+00
-4.594789999999999708e+00
-1.119944000000000051e+00
2.408875000000000099e+00
5.787982999999999656e+00
8.859956999999999638e+00
1.159974000000000061e+01
1.392251500000000064e+01
1.581414700000000018e+01
1.736137899999999945e+01
1.796857699999999980e+01
1.773212299999999786e+01
1.674839700000000065e+01
1.502960799999999963e+01
1.287132300000000029e+01
1.012061699999999931e+01
6.979249000000000258e+00
3.370754999999999946e+00
-6.894430000000000280e-01
-4.925054000000000265e+00
-8.940274999999999750e+00
-1.247487700000000110e+01
-1.545496799999999915e+01
-1.797179000000000215e+01
-1.998100600000000071e+01
-2.158349600000000024e+01
-2.259356599999999915e+01
-2.287049999999999983e+01
-2.213800700000000177e+01
-2.051302799999999849e+01
-1.825900399999999735e+01
-1.559632700000000050e+01
-1.266763800000000018e+01
-9.301380999999999233e+00
-5.600362000000000506e+00
-1.649394999999999945e+00
2.385743999999999865e+00
6.149089000000000027e+00
9.449806999999999846e+00
1.236500299999999974e+01
1.473725300000000082e+01
1.676960099999999798e+01
1.821852399999999861e+01
1.895680099999999868e+01
1.893495400000000117e+01
1.804439700000000002e+01
1.644062199999999763e+01
1.430996499999999827e+01
1.177900800000000103e+01
8.879875999999999436e+00
5.525185000000000457e+00
1.594137000000000137e+00
-2.468631000000000242e+00
-6.454294999999999227e+00
-1.027032900000000026e+01
-1.355176999999999943e+01
-1.620159700000000313e+01
-1.820567400000000191e+01
-1.973298700000000139e+01
-2.081566300000000069e+01
-2.120696900000000085e+01
-2.076875799999999828e+01
-1.958263299999999774e+01
-1.772505500000000112e+01
-1.522879499999999986e+01
-1.243632400000000082e+01
-9.299452999999999747e+00
-5.917132999999999754e+00
-2.440360000000000085e+00
1.024205999999999950e+00
4.224045000000000272e+00
6.921420000000000350e+00
9.166448000000000818e+00
1.113068700000000000e+01
1.258860600000000041e+01
1.342519000000000062e+01
1.370983499999999999e+01
1.337700000000000067e+01
1.241897600000000068e+01
1.097454999999999892e+01
9.142032000000000380e+00
7.328147000000000411e+00
5.400532000000000110e+00
3.251243000000000105e+00
9.361779999999999546e-01
-1.427076999999999929e+00
-3.610421000000000102e+00
-5.658833000000000446e+00
-7.361558999999999742e+00
-8.695467999999999975e+00
-9.697185000000001054e+00
-1.052927099999999960e+01
-1.113004399999999983e+01
-1.120843400000000045e+01
-1.091543700000000072e+01
-1.034807599999999894e+01
-9.360495000000000232e+00
-8.085056999999999050e+00
-6.972180999999999962e+00
-5.978174000000000099e+00
-4.777912999999999855e+00
-3.347623000000000015e+00
-1.915405999999999942e+00
-5.782840000000000202e-01
5.937050000000000383e-01
1.324913999999999925e+00
1.795893999999999879e+00
2.258521000000000001e+00
2.490477999999999970e+00
2.711511000000000227e+00
2.585572999999999677e+00
2.070899999999999963e+00
1.335837000000000163e+00
5.532249999999999668e-01
-9.573800000000000365e-02
-8.243759999999999977e-01
-1.177130000000000010e+00
-1.425148999999999999e+00
-1.738708000000000142e+00
-2.110738000000000003e+00
-2.192982000000000209e+00
-1.833161000000000040e+00
-1.251663999999999888e+00
-4.960390000000000077e-01
2.840019999999999767e-01
9.374630000000000463e-01
1.496471000000000107e+00
2.052267000000000063e+00
2.388956999999999997e+00
2.726932000000000134e+00
2.653681999999999874e+00
2.275227000000000110e+00
1.626264000000000154e+00
6.457509999999999639e-01
-5.602930000000000410e-01
-1.873640999999999890e+00
-3.175423000000000329e+00
-4.617278999999999911e+00
-6.225551000000000279e+00
-7.900005999999999418e+00
-9.454947999999999908e+00
-1.067834000000000039e+01
-1.148793799999999976e+01
-1.173531499999999994e+01
-1.174238300000000024e+01
-1.135043500000000094e+01
-1.076444000000000045e+01
-9.909221999999999753e+00
-8.529049999999999798e+00
-6.699743999999999922e+00
-4.627558999999999756e+00
-2.499473000000000056e+00
-2.788619999999999988e-01
2.076041000000000025e+00
4.380824999999999747e+00
6.649625999999999593e+00
8.708960999999998620e+00
1.053376899999999949e+01
1.181884499999999960e+01
1.253463299999999947e+01
1.290087899999999976e+01
1.287967599999999990e+01
1.245817100000000011e+01
1.162801100000000076e+01
1.015724200000000010e+01
8.123609000000000080e+00
5.568235000000000490e+00
2.554731000000000307e+00
-4.947540000000000271e-01
-3.470991000000000160e+00
-6.549390999999999963e+00
-9.886091000000000406e+00
-1.301203800000000044e+01
-1.573575699999999955e+01
-1.788761700000000232e+01
-1.948946500000000270e+01
-2.047254799999999975e+01
-2.086128400000000127e+01
-2.055800599999999889e+01
-1.967451600000000056e+01
-1.818382700000000085e+01
-1.586619300000000088e+01
-1.285461700000000107e+01
-9.284675000000000011e+00
-5.483419999999999739e+00
-1.583855999999999931e+00
2.308638999999999886e+00
5.917775999999999925e+00
9.474866000000000454e+00
1.302553200000000011e+01
1.592659100000000016e+01
1.787219599999999886e+01
1.908852100000000007e+01
1.954022500000000306e+01
1.925493799999999922e+01
1.836438099999999807e+01
1.686084200000000166e+01
1.483813199999999988e+01
1.197691000000000017e+01
8.335646000000000555e+00
4.408453999999999873e+00
3.553240000000000287e-01
-3.596286000000000094e+00
-7.376337000000000366e+00
-1.097904800000000058e+01
-1.416796399999999956e+01
-1.703882499999999922e+01
-1.947918400000000005e+01
-2.117227199999999954e+01
-2.197287400000000090e+01
-2.201592399999999827e+01
-2.155458199999999991e+01
-2.050981499999999969e+01
-1.892403099999999938e+01
-1.677795400000000114e+01
-1.394114899999999935e+01
-1.047272800000000004e+01
-6.769139000000000017e+00
-3.206264999999999699e+00
3.231970000000000121e-01
3.783907000000000131e+00
7.136027999999999594e+00
1.032430200000000120e+01
1.314825699999999919e+01
1.524228800000000028e+01
1.665265899999999988e+01
1.733053699999999964e+01
1.719688899999999876e+01
1.656463099999999855e+01
1.546075100000000013e+01
1.396556499999999978e+01
1.167298899999999939e+01
8.669124000000000052e+00
5.286802999999999919e+00
1.831876000000000060e+00
-1.579358999999999957e+00
-4.805541999999999980e+00
-7.859526000000000678e+00
-1.074644900000000014e+01
-1.323307199999999995e+01
-1.514397999999999911e+01
-1.641813300000000098e+01
-1.715062599999999904e+01
-1.716990200000000044e+01
-1.672719400000000078e+01
-1.576467200000000091e+01
-1.441148600000000002e+01
-1.275952099999999945e+01
-1.057167899999999960e+01
-7.908358999999999916e+00
-5.196204999999999963e+00
-2.624125000000000263e+00
-3.212690000000000268e-01
1.707224000000000075e+00
3.502475000000000005e+00
5.173073999999999728e+00
6.596295999999999715e+00
7.655198999999999643e+00
8.032367999999999952e+00
8.029797999999999547e+00
7.645561000000000718e+00
7.058280999999999139e+00
6.375905000000000378e+00
5.470568999999999349e+00
4.389820000000000277e+00
3.089965999999999990e+00
1.641684999999999839e+00
2.165350000000000052e-01
-1.065327999999999831e+00
-2.025279999999999969e+00
-2.951176999999999939e+00
-3.903418999999999972e+00
-4.632698999999999678e+00
-5.286160999999999888e+00
-5.518117000000000161e+00
-5.536107999999999585e+00
-5.372260999999999953e+00
-5.148015000000000008e+00
-4.877506000000000341e+00
-4.677677000000000085e+00
-4.206053999999999959e+00
-3.734430999999999834e+00
-3.053341000000000083e+00
-2.336911000000000183e+00
-2.028493000000000102e+00
-1.680880000000000152e+00
-1.702083000000000013e+00
-1.899343000000000004e+00
-2.126157999999999770e+00
-2.346548999999999996e+00
-2.723719000000000001e+00
-3.483840999999999966e+00
-4.139872999999999692e+00
-4.757352000000000025e+00
-5.272024999999999295e+00
-5.545104000000000255e+00
-5.488559999999999661e+00
-5.346559000000000061e+00
-5.174358999999999931e+00
-5.090187000000000239e+00
-4.318497999999999948e+00
-3.175423000000000329e+00
-1.690517999999999965e+00
-5.140300000000000424e-02
1.671883999999999926e+00
3.186345999999999901e+00
4.621776000000000550e+00
6.003232999999999819e+00
7.248471999999999582e+00
8.295166000000000039e+00
9.017379000000000033e+00
8.918428000000000466e+00
8.373556000000000665e+00
7.675117000000000189e+00
6.641916000000000153e+00
5.277808000000000277e+00
3.559661000000000186e+00
1.524100000000000010e+00
-1.057617999999999947e+00
-3.816676000000000180e+00
-6.457507999999999804e+00
-8.768074999999999619e+00
-1.088973499999999994e+01
-1.281606400000000079e+01
-1.443847300000000011e+01
-1.574667999999999957e+01
-1.664366399999999757e+01
-1.694501400000000046e+01
-1.646568100000000001e+01
-1.537143799999999949e+01
-1.394436100000000067e+01
-1.225384399999999907e+01
-1.022535099999999986e+01
-7.814547999999999384e+00
-5.032357999999999443e+00
-1.809387000000000079e+00
1.596706999999999876e+00
4.975171999999999706e+00
7.957834000000000074e+00
1.039626599999999890e+01
1.254491299999999931e+01
1.447509800000000091e+01
1.609879100000000207e+01
1.710757599999999812e+01
1.738964999999999961e+01
1.689168300000000045e+01
1.544854300000000080e+01
1.352349899999999927e+01
1.110627099999999956e+01
8.449375999999999109e+00
5.280377999999999794e+00
1.441854999999999887e+00
-2.703800000000000203e+00
-6.681753000000000497e+00
-1.048750599999999977e+01
-1.386854199999999970e+01
-1.684799100000000038e+01
-1.930762600000000262e+01
-2.136439100000000124e+01
-2.277026399999999740e+01
-2.344621400000000122e+01
-2.318405900000000130e+01
-2.188934400000000124e+01
-1.994116900000000214e+01
-1.741149700000000067e+01
-1.447959499999999977e+01
-1.114546499999999973e+01
-7.323648999999999631e+00
-3.055911000000000044e+00
1.459846000000000199e+00
5.775131999999999266e+00
9.404187000000000296e+00
1.246780899999999903e+01
1.494158000000000008e+01
1.696814499999999981e+01
1.842799199999999971e+01
1.917590600000000123e+01
1.932176199999999966e+01
1.853979299999999952e+01
1.686919500000000127e+01
1.465950599999999859e+01
1.214654000000000167e+01
9.173515999999999337e+00
5.802118999999999360e+00
2.110738000000000003e+00
-1.731640000000000068e+00
-5.396035000000000359e+00
-8.805983999999998701e+00
-1.193385999999999925e+01
-1.457983100000000043e+01
-1.690581899999999749e+01
-1.886491800000000296e+01
-2.006967700000000221e+01
-2.045777000000000001e+01
-2.039287299999999803e+01
-1.960512199999999794e+01
-1.820695900000000123e+01
-1.613348799999999983e+01
-1.361473900000000015e+01
-1.098611600000000088e+01
-8.074775999999999954e+00
-4.919271000000000171e+00
-1.446353000000000000e+00
1.976447000000000065e+00
5.092756999999999756e+00
7.784990999999999772e+00
9.999819999999999709e+00
1.170768600000000070e+01
1.296191999999999922e+01
1.391287699999999994e+01
1.416989199999999904e+01
1.358454000000000050e+01
1.238235099999999989e+01
1.065970699999999916e+01
8.596517000000000408e+00
6.392611000000000487e+00
4.026143999999999501e+00
1.556227000000000027e+00
-1.042196999999999818e+00
-3.600140999999999813e+00
-6.019938999999999929e+00
-7.991246000000000294e+00
-9.453019999999998646e+00
-1.045409400000000133e+01
-1.114482300000000059e+01
-1.160102499999999992e+01
-1.158688899999999933e+01
-1.123028000000000048e+01
-1.034036500000000025e+01
-9.086130999999999958e+00
-7.689252999999999894e+00
-6.483209000000000444e+00
-5.312505000000000699e+00
-4.145013000000000503e+00
-2.865077000000000318e+00
-1.615983000000000169e+00
-5.705740000000000256e-01
2.737209999999999921e-01
9.156170000000000142e-01
1.169419000000000208e+00
1.182913000000000103e+00
1.321057999999999844e+00
1.490688000000000013e+00
1.518316999999999917e+00
1.327484000000000108e+00
1.021635999999999989e+00
3.848799999999999999e-01
-2.390240000000000142e-01
-5.866369999999999640e-01
-6.322569999999999579e-01
-6.740220000000000100e-01
-8.995529999999999360e-01
-1.097455000000000069e+00
-1.229817999999999856e+00
-1.212469000000000019e+00
-1.053120000000000056e+00
-4.857589999999999963e-01
-1.991899999999999921e-02
4.831890000000000351e-01
7.922489999999999810e-01
1.027417999999999942e+00
1.445710999999999968e+00
1.630762000000000045e+00
1.678952000000000000e+00
1.596065000000000067e+00
1.427076999999999929e+00
8.789919999999999956e-01
-1.554939999999999933e-01
-1.142433000000000032e+00
-2.074112999999999651e+00
-3.255098000000000269e+00
-4.758636999999999340e+00
-6.351488999999999940e+00
-7.884584999999999511e+00
-9.312304000000001025e+00
-1.032365900000000103e+01
-1.091800700000000113e+01
-1.143846299999999871e+01
-1.164214699999999958e+01
-1.172439199999999992e+01
-1.124120399999999975e+01
-1.013925099999999979e+01
-8.505919000000000452e+00
-6.452366999999999742e+00
-4.130876999999999910e+00
-1.725856999999999974e+00
7.768289999999999917e-01
3.208192999999999628e+00
5.772561999999999749e+00
8.203284000000000020e+00
1.041554200000000030e+01
1.198590500000000070e+01
1.314889900000000011e+01
1.374324700000000021e+01
1.374967199999999856e+01
1.328319000000000116e+01
1.217031399999999941e+01
1.076701000000000086e+01
8.625430999999998960e+00
5.960182999999999787e+00
2.796326000000000089e+00
-3.630339999999999678e-01
-3.481271000000000004e+00
-6.517905999999999977e+00
-9.642568999999999946e+00
-1.256483199999999911e+01
-1.517032400000000081e+01
-1.734338800000000091e+01
-1.882636500000000268e+01
-1.959676899999999833e+01
-1.975483299999999787e+01
-1.966937499999999872e+01
-1.911871999999999971e+01
-1.795444100000000276e+01
-1.594008400000000059e+01
-1.336029399999999967e+01
-1.026004800000000117e+01
-6.753074999999999939e+00
-3.183133999999999908e+00
4.305010000000000225e-01
4.045420000000000016e+00
7.624999000000000748e+00
1.117502200000000023e+01
1.420587399999999967e+01
1.650808800000000076e+01
1.816647899999999893e+01
1.910265699999999711e+01
1.936545500000000075e+01
1.908980599999999939e+01
1.810350999999999999e+01
1.617782400000000109e+01
1.348109100000000105e+01
1.003515999999999941e+01
6.138166000000000011e+00
2.065760000000000041e+00
-1.982872000000000190e+00
-5.877295999999999410e+00
-9.720316000000000400e+00
-1.348109100000000105e+01
-1.695529499999999956e+01
-1.967965600000000137e+01
-2.146526899999999927e+01
-2.250168299999999988e+01
-2.288527799999999957e+01
-2.258521299999999954e+01
-2.153466299999999833e+01
-1.996172999999999931e+01
-1.774111900000000119e+01
-1.476488200000000006e+01
-1.111205299999999951e+01
-7.181004999999999860e+00
-3.428582999999999714e+00
1.432859999999999967e-01
3.614918999999999993e+00
6.946479000000000070e+00
1.004094200000000114e+01
1.275309600000000110e+01
1.478929899999999975e+01
1.607887300000000153e+01
1.670534699999999972e+01
1.666872299999999996e+01
1.631211399999999756e+01
1.555841700000000039e+01
1.400732999999999961e+01
1.185418499999999931e+01
9.057859000000000549e+00
5.980743999999999616e+00
2.749419999999999753e+00
-3.219119999999999759e-01
-3.219116000000000088e+00
-6.112465000000000259e+00
-9.029588000000000392e+00
-1.170897100000000002e+01
-1.387753700000000023e+01
-1.545046999999999926e+01
-1.648302899999999838e+01
-1.671048799999999801e+01
-1.649202500000000171e+01
-1.595743299999999998e+01
-1.538557400000000008e+01
-1.419173800000000085e+01
-1.222300200000000103e+01
-9.613012000000001223e+00
-6.893148000000000053e+00
-4.266453000000000273e+00
-1.811315000000000008e+00
5.769990000000000396e-01
2.737855000000000150e+00
4.709162000000000070e+00
6.524974000000000274e+00
7.857598000000000305e+00
8.503349000000000046e+00
8.605511999999999162e+00
8.274605000000001098e+00
7.749652000000000207e+00
7.236906000000000283e+00
6.441443999999999726e+00
5.189136999999999666e+00
3.661824000000000190e+00
1.827377999999999947e+00
1.195120000000000071e-01
-1.286360999999999866e+00
-2.313779999999999948e+00
-3.282726999999999951e+00
-4.136660000000000004e+00
-4.767631999999999870e+00
-5.239898000000000167e+00
-5.507194000000000145e+00
-5.376758999999999844e+00
-5.027860000000000440e+00
-4.619848999999999428e+00
-4.294723999999999542e+00
-3.965744999999999632e+00
-3.548094999999999999e+00
-2.989087000000000049e+00
-2.671672999999999742e+00
-2.237960000000000171e+00
-2.060620000000000118e+00
-2.058049000000000017e+00
-2.406305000000000138e+00
-2.895277000000000100e+00
-3.172209999999999752e+00
-3.420873000000000275e+00
-3.755634999999999835e+00
-4.009437999999999391e+00
-4.504833999999999783e+00
-5.099181999999999881e+00
-5.257246000000000308e+00
-5.333708999999999811e+00
-4.928266999999999953e+00
-4.672537000000000162e+00
-4.496481000000000172e+00
-4.357051000000000229e+00
-3.755634999999999835e+00
-2.784759999999999902e+00
-1.597991999999999857e+00
-1.914760000000000073e-01
1.305636999999999937e+00
2.671672999999999742e+00
3.754992000000000107e+00
4.820962999999999887e+00
5.982671999999999990e+00
6.941981000000000179e+00
7.689252999999999894e+00
8.074133000000001559e+00
7.980322999999999389e+00
7.542112000000000371e+00
6.830822000000000394e+00
5.807902000000000342e+00
4.453431000000000139e+00
2.671672999999999742e+00
3.045629999999999726e-01
-2.247597999999999985e+00
-4.858229999999999826e+00
-7.391115000000000101e+00
-9.791638000000000730e+00
-1.198783300000000018e+01
-1.382099399999999889e+01
-1.541834400000000116e+01
-1.679980000000000118e+01
-1.759654799999999852e+01
-1.758305400000000063e+01
-1.695079700000000145e+01
-1.556355700000000120e+01
-1.371240500000000040e+01
-1.139155700000000060e+01
-8.735305000000000319e+00
-5.831033000000000577e+00
-2.544451000000000018e+00
9.503139999999999921e-01
4.327494000000000618e+00
7.355775999999999648e+00
1.004929499999999898e+01
1.252692199999999900e+01
1.451750499999999988e+01
1.606023899999999927e+01
1.690196399999999954e+01
1.707095100000000087e+01
1.657105699999999970e+01
1.522108399999999939e+01
1.346310000000000073e+01
1.121807200000000115e+01
8.543185999999998614e+00
5.459646000000000221e+00
1.973233999999999932e+00
-1.864645000000000108e+00
-5.727584000000000231e+00
-9.400975000000000747e+00
-1.268305900000000008e+01
-1.544597300000000040e+01
-1.797179000000000215e+01
-2.013457299999999961e+01
-2.180645700000000176e+01
-2.262762100000000132e+01
-2.255822699999999870e+01
-2.171457399999999893e+01
-2.022388600000000025e+01
-1.816198100000000082e+01
-1.551279700000000084e+01
-1.251792700000000025e+01
-9.000030999999999892e+00
-5.005372000000000376e+00
-8.507200000000000317e-01
3.256383000000000028e+00
7.118037000000000170e+00
1.071625000000000050e+01
1.385247799999999962e+01
1.635195099999999968e+01
1.820438900000000260e+01
1.957556500000000099e+01
2.008702500000000057e+01
1.952865999999999858e+01
1.827249800000000235e+01
1.632625000000000171e+01
1.383512999999999948e+01
1.074837699999999963e+01
7.336500000000000021e+00
3.678530000000000300e+00
-3.733150000000000079e-01
-4.567161000000000470e+00
-8.481503000000000014e+00
-1.195185099999999956e+01
-1.484455700000000000e+01
-1.721359500000000153e+01
-1.895937100000000086e+01
-2.001763100000000151e+01
-2.050017700000000076e+01
-2.068908300000000011e+01
-1.984029100000000057e+01
-1.817547400000000124e+01
-1.597927899999999823e+01
-1.360574399999999962e+01
-1.098226099999999938e+01
-8.039436000000000249e+00
-4.930837000000000359e+00
-1.714933999999999958e+00
1.456633999999999984e+00
4.339059999999999917e+00
6.900215999999999461e+00
8.806626999999998873e+00
1.037634699999999910e+01
1.177900800000000103e+01
1.286425500000000000e+01
1.330567800000000034e+01
1.318231100000000033e+01
1.236692999999999998e+01
1.105229700000000115e+01
9.307164000000000215e+00
7.572311000000000014e+00
5.663330999999999449e+00
3.460068000000000144e+00
8.391549999999999843e-01
-2.000864000000000420e+00
-4.479775000000000063e+00
-6.551961000000000368e+00
-8.237980999999999554e+00
-9.620079999999999742e+00
-1.069761600000000001e+01
-1.154512399999999950e+01
-1.206365199999999938e+01
-1.217802400000000063e+01
-1.160552299999999981e+01
-1.060509099999999982e+01
-9.314232000000000511e+00
-7.859526000000000678e+00
-6.474213999999999913e+00
-5.092756999999999756e+00
-3.660538999999999987e+00
-2.054837000000000025e+00
-2.801470000000000349e-01
1.087817000000000034e+00
1.860789999999999944e+00
2.191697000000000006e+00
2.165995999999999810e+00
2.227036999999999711e+00
2.118448000000000331e+00
1.959741000000000177e+00
1.610200000000000076e+00
8.854170000000000096e-01
1.214400000000000063e-01
-6.091259999999999453e-01
-1.105807999999999902e+00
-1.228532999999999875e+00
-1.459846000000000199e+00
-1.538235999999999937e+00
-1.565222999999999809e+00
-1.427076999999999929e+00
-1.191907999999999967e+00
-5.467999999999999527e-01
1.837660000000000127e-01
8.905579999999999607e-01
1.218895000000000062e+00
1.473981999999999903e+00
1.927613999999999939e+00
2.205191000000000123e+00
2.410803000000000029e+00
2.322133000000000003e+00
1.952030999999999850e+00
1.376317000000000013e+00
4.986099999999999977e-01
-6.129809999999999981e-01
