2.007687310000000025e+02
2.053423170000000084e+02
2.073296870000000069e+02
2.120806129999999996e+02
2.142029169999999851e+02
2.088865570000000105e+02
2.008349120000000028e+02
1.921413720000000183e+02
1.803231690000000071e+02
1.652273800000000108e+02
1.488914919999999995e+02
1.285570900000000165e+02
1.056268330000000049e+02
8.049202900000000227e+01
5.154054899999999861e+01
2.380153800000000075e+01
-3.961889999999999912e+00
-3.270133299999999821e+01
-5.868557200000000051e+01
-8.276661400000000413e+01
-1.084983359999999948e+02
-1.329616879999999810e+02
-1.513138600000000054e+02
-1.644897459999999967e+02
-1.787232490000000098e+02
-1.919158410000000003e+02
-1.993217349999999897e+02
-2.041054310000000100e+02
-2.067905969999999911e+02
-2.055935489999999959e+02
-2.023737910000000113e+02
-1.954099630000000047e+02
-1.820368179999999825e+02
-1.678495780000000082e+02
-1.510587730000000022e+02
-1.304564320000000066e+02
-1.121389569999999907e+02
-9.252741000000000327e+01
-6.691263000000000716e+01
-4.157671100000000308e+01
-1.990775700000000015e+01
6.616857000000000433e+00
3.829205599999999521e+01
6.717092999999999847e+01
9.223120000000000118e+01
1.190925040000000052e+02
1.441559860000000128e+02
1.627715989999999806e+02
1.783088120000000174e+02
1.919107009999999889e+02
2.033562310000000082e+02
2.138642990000000168e+02
2.190868480000000034e+02
2.183479299999999910e+02
2.178049850000000163e+02
2.127392150000000015e+02
2.018424119999999959e+02
1.903814600000000041e+02
1.781976530000000025e+02
1.618688329999999951e+02
1.437942369999999812e+02
1.242128900000000016e+02
9.910764199999999846e+01
7.147464999999999691e+01
4.705884600000000262e+01
2.396409999999999840e+01
-3.165143000000000040e+00
-3.080391799999999947e+01
-5.604474100000000192e+01
-8.099385100000000648e+01
-1.035424399999999991e+02
-1.228918310000000105e+02
-1.428522769999999866e+02
-1.605156479999999988e+02
-1.767095349999999883e+02
-1.948323210000000074e+02
-2.091236529999999902e+02
-2.151737919999999917e+02
-2.150407860000000255e+02
-2.123883890000000179e+02
-2.068336470000000133e+02
-1.997933580000000120e+02
-1.914519290000000069e+02
-1.766369280000000117e+02
-1.558585319999999967e+02
-1.355543289999999956e+02
-1.156170150000000092e+02
-9.205257399999999279e+01
-6.660164100000000076e+01
-3.967222799999999694e+01
-9.345074000000000325e+00
1.890989499999999879e+01
4.414043799999999607e+01
7.018443299999999851e+01
9.387288499999999658e+01
1.173711440000000010e+02
1.399634250000000009e+02
1.582828279999999950e+02
1.750100219999999922e+02
1.892653719999999851e+02
1.957916309999999953e+02
1.980700709999999845e+02
2.042808440000000019e+02
2.133560509999999795e+02
2.160842680000000087e+02
2.119566039999999987e+02
2.061262130000000070e+02
1.968087689999999839e+02
1.829723539999999957e+02
1.668048110000000008e+02
1.471559970000000135e+02
1.248792019999999923e+02
1.031164370000000048e+02
7.761474400000000173e+01
5.022720100000000087e+01
2.530443400000000054e+01
-2.537382999999999722e+00
-3.144452799999999826e+01
-5.695136199999999604e+01
-8.358263700000000540e+01
-1.128361110000000025e+02
-1.357991359999999759e+02
-1.524383019999999931e+02
-1.683141329999999982e+02
-1.828701899999999796e+02
-1.916337670000000060e+02
-1.969764709999999752e+02
-2.028846089999999833e+02
-2.062984130000000107e+02
-2.058467089999999757e+02
-2.023243150000000128e+02
-1.932176230000000032e+02
-1.810428119999999979e+02
-1.687388499999999851e+02
-1.513761869999999874e+02
-1.327721390000000099e+02
-1.155090690000000109e+02
-9.393713800000000447e+01
-6.831336299999999540e+01
-4.318241400000000141e+01
-1.807009799999999800e+01
1.157532300000000092e+01
4.017340800000000200e+01
6.490983799999999349e+01
9.085681099999999333e+01
1.184107709999999969e+02
1.415684849999999813e+02
1.604166969999999992e+02
1.774902189999999962e+02
1.915707979999999964e+02
2.042782740000000103e+02
2.157186640000000182e+02
2.211866630000000100e+02
2.225090059999999994e+02
2.219281519999999830e+02
2.147599969999999985e+02
2.032187279999999987e+02
1.911062430000000063e+02
1.774388160000000028e+02
1.602091570000000047e+02
1.401471909999999923e+02
1.173891350000000102e+02
9.069874599999999987e+01
6.583316600000000562e+01
4.558422099999999944e+01
2.327915399999999835e+01
-2.933186000000000071e+00
-2.885766999999999882e+01
-5.481363799999999742e+01
-8.052801099999999224e+01
-1.025233750000000015e+02
-1.236641619999999904e+02
-1.445273729999999830e+02
-1.619028879999999901e+02
-1.792173609999999826e+02
-1.950096619999999916e+02
-2.042885540000000049e+02
-2.096781640000000095e+02
-2.114817679999999882e+02
-2.106606040000000064e+02
-2.106034179999999765e+02
-2.079696550000000173e+02
-1.976620589999999993e+02
-1.787136109999999860e+02
-1.576724169999999958e+02
-1.377781529999999748e+02
-1.156742010000000107e+02
-9.098788899999999558e+01
-6.575349099999999680e+01
-3.854136100000000198e+01
-9.553255999999999304e+00
1.808037900000000064e+01
4.646578299999999473e+01
7.276936399999999594e+01
9.541690299999999070e+01
1.193328130000000016e+02
1.417130569999999921e+02
1.595903930000000059e+02
1.762064279999999883e+02
1.891323659999999904e+02
1.942662449999999978e+02
1.988044920000000104e+02
2.082793580000000020e+02
2.171605189999999936e+02
2.182766080000000102e+02
2.145004120000000114e+02
2.090696800000000053e+02
1.985089240000000075e+02
1.834651800000000037e+02
1.667964580000000012e+02
1.470641139999999893e+02
1.263069209999999885e+02
1.058947720000000032e+02
8.051516100000000620e+01
5.369433599999999984e+01
2.810140300000000124e+01
-6.894430000000000280e-01
-3.024747999999999948e+01
-5.710492800000000102e+01
-8.542479399999999146e+01
-1.156247259999999955e+02
-1.378681089999999756e+02
-1.540170180000000073e+02
-1.705662290000000212e+02
-1.841102890000000230e+02
-1.909160520000000076e+02
-1.958231150000000014e+02
-2.021617530000000045e+02
-2.057445449999999880e+02
-2.060908730000000162e+02
-2.025928959999999961e+02
-1.929464720000000000e+02
-1.822552809999999965e+02
-1.703297749999999837e+02
-1.527094529999999963e+02
-1.341664470000000051e+02
-1.153921270000000021e+02
-9.231601500000000726e+01
-6.694989699999999289e+01
-4.266517000000000337e+01
-1.812085899999999938e+01
1.033908000000000094e+01
3.652250599999999991e+01
6.033496700000000601e+01
8.824874900000000366e+01
1.167202529999999996e+02
1.399197329999999795e+02
1.593924920000000043e+02
1.765720319999999788e+02
1.906487559999999917e+02
2.050897989999999993e+02
2.175415440000000160e+02
2.236154569999999921e+02
2.258418510000000197e+02
2.228566189999999949e+02
2.139028509999999983e+02
2.038741169999999840e+02
1.923045769999999948e+02
1.777234599999999887e+02
1.602457819999999913e+02
1.388550470000000132e+02
1.146782670000000053e+02
8.881482499999999902e+01
6.589934699999999168e+01
4.541716100000000012e+01
2.180324399999999940e+01
-3.775554000000000077e+00
-2.902601499999999746e+01
-5.524606600000000611e+01
-8.081201300000000742e+01
-1.031164370000000048e+02
-1.247731829999999889e+02
-1.436541640000000086e+02
-1.602117279999999937e+02
-1.771638100000000122e+02
-1.902221110000000124e+02
-1.979659800000000018e+02
-2.047736699999999814e+02
-2.087606190000000197e+02
-2.104061590000000024e+02
-2.135957179999999767e+02
-2.116700320000000204e+02
-1.997233209999999985e+02
-1.796921969999999931e+02
-1.590037560000000099e+02
-1.377190399999999784e+02
-1.133578519999999941e+02
-8.898124200000000883e+01
-6.480960199999999816e+01
-3.835566800000000143e+01
-1.162736899999999984e+01
1.558026300000000042e+01
4.533170300000000452e+01
7.128124600000001010e+01
9.484440199999998811e+01
1.200351069999999964e+02
1.425888359999999864e+02
1.607328259999999887e+02
1.776675590000000113e+02
1.898661449999999888e+02
