2.085706635239999969e+02
2.087495030580000162e+02
2.056782966260000478e+02
1.993817110880000030e+02
1.899522423699999933e+02
1.775564157720000082e+02
1.623052225660000261e+02
1.445563610160000110e+02
1.244886802540000019e+02
1.024845454040000021e+02
7.888929250600001808e+01
5.402979104800000698e+01
2.830690150000000216e+01
2.207818342000000378e+00
-2.399611336800000316e+01
-4.976217472000000441e+01
-7.475734390800000995e+01
-9.857461774200001514e+01
-1.208501072480000147e+02
-1.411644662079999932e+02
-1.592525210780000293e+02
-1.748675648660000377e+02
-1.876580900179999958e+02
-1.975254194960000120e+02
-2.042907041680000191e+02
-2.078059428739999817e+02
-2.079909539220000454e+02
-2.049259190040000362e+02
-1.986416572980000126e+02
-1.891875217199999781e+02
-1.767608567480000374e+02
-1.615158350560000144e+02
-1.437916499640000154e+02
-1.237239692020000206e+02
-1.017259866700000117e+02
-7.806290470599999765e+01
-5.320956516400000424e+01
-2.749900904600000473e+01
-1.387592458000000084e+00
2.477932936400000585e+01
5.058239100600000171e+01
7.556523636200000738e+01
9.936399565400000711e+01
1.215901610380000193e+02
1.419168534280000245e+02
1.600295655600000089e+02
1.756137805720000244e+02
1.884474775280000358e+02
1.982963020620000236e+02
2.050307579580000095e+02
2.085089867760000288e+02
2.087556745720000322e+02
2.056844681400000070e+02
1.993817110880000030e+02
1.899830807440000342e+02
1.775440823419999958e+02
1.623175559960000385e+02
1.445255322399999898e+02
1.245010232820000198e+02
1.025092122640000127e+02
7.892013088000000209e+01
5.403596256200000880e+01
2.835623522000000207e+01
2.201646827999999889e+00
-2.398377993800000141e+01
-4.975600320600000259e+01
-7.473267704799999933e+01
-9.855611279800001512e+01
-1.208316023040000289e+02
-1.411583042920000253e+02
-1.592525210780000293e+02
-1.748243930620000128e+02
-1.876580900179999958e+02
-1.975130860659999996e+02
-2.042351989340000102e+02
-2.077689425840000581e+02
-2.080032873520000294e+02
-2.049382524340000202e+02
-1.986539907280000250e+02
-1.891690263739999978e+02
-1.767608567480000374e+02
-1.615466734300000269e+02
-1.438039833940000278e+02
-1.237424645480000152e+02
-1.017074913240000029e+02
-7.806906662200000824e+01
-5.321573667800000607e+01
-2.752984742000000296e+01
-1.381430542000000150e+00
2.481016773800000408e+01
5.060705786600000522e+01
7.555906484800000555e+01
9.938867211200002316e+01
1.216333232440000245e+02
1.419661871480000173e+02
1.600480705040000089e+02
1.756137805720000244e+02
1.884474775280000358e+02
1.983209689219999916e+02
2.050430913879999935e+02
2.085459870660000092e+02
2.087495030580000162e+02
2.057029634859999874e+02
1.993817110880000030e+02
1.899769092300000182e+02
1.775625776880000330e+02
1.623360609399999817e+02
1.445563610160000110e+02
1.245133567120000180e+02
1.025277076100000073e+02
7.892013088000000209e+01
5.407912476799999979e+01
2.835623522000000207e+01
2.238647118000000269e+00
-2.393443662000000316e+01
-4.972516483200000437e+01
-7.472034361800000113e+01
-9.854994128400001330e+01
-1.208131069580000201e+02
-1.411459708620000129e+02
-1.592278446200000133e+02
-1.748552314359999968e+02
-1.876827568780000206e+02
-1.975069145520000120e+02
-2.042475323640000227e+02
-2.077997713600000225e+02
-2.080156207820000134e+02
-2.049320809200000042e+02
-1.986416572980000126e+02
-1.892183600940000190e+02
-1.767916951220000215e+02
-1.615528353460000233e+02
-1.437608115900000030e+02
-1.236993023420000242e+02
-1.017259866700000117e+02
-7.810607651000000828e+01
-5.322807010799999716e+01
-2.752367590600000469e+01
-1.375259028000000106e+00
2.481632965400000046e+01
5.058856252000000353e+01
7.557140787600000920e+01
9.937016716800000893e+01
1.216209898140000121e+02
1.419538537180000048e+02
1.600418989900000213e+02
1.756199520859999836e+02
1.884721443880000322e+02
1.982963020620000236e+02
2.050307579580000095e+02
2.085336536360000252e+02
2.087495030580000162e+02
2.056844681400000070e+02
1.994125494620000154e+02
1.899522423699999933e+02
1.775440823419999958e+02
1.623360609399999817e+02
1.445810374739999986e+02
1.245195186280000001e+02
1.025153741800000091e+02
7.893246431000001451e+01
5.407912476799999979e+01
2.838090207999999848e+01
2.213980258000000312e+00
-2.393443662000000316e+01
-4.972516483200000437e+01
-7.472034361800000113e+01
-9.851294099400000448e+01
-1.207946020140000059e+02
-1.411644662079999932e+02
-1.592278446200000133e+02
-1.748367264920000252e+02
-1.876457565880000118e+02
-1.974884192060000032e+02
-2.041981986440000298e+02
-2.077627710700000137e+02
-2.079477821179999921e+02
-2.048827472000000398e+02
-1.986046570080000038e+02
-1.891628548600000386e+02
-1.767546948320000411e+02
-1.615405019160000109e+02
-1.437176397860000066e+02
-1.236993023420000242e+02
-1.017198247540000011e+02
-7.807523813600001006e+01
-5.323424162199999898e+01
-2.750518056000000300e+01
-1.387592458000000084e+00
2.477932936400000585e+01
5.054539071600000710e+01
7.556523636200000738e+01
9.935783373800001073e+01
1.216333232440000245e+02
1.419661871480000173e+02
1.600357370740000249e+02
1.756322855160000245e+02
1.884536394440000038e+02
1.982901401460000272e+02
2.050369198740000343e+02
2.085459870660000092e+02
2.087803414320000002e+02
2.057214684300000158e+02
1.993693776580000190e+02
1.899645758000000342e+02
1.775440823419999958e+02
1.623360609399999817e+02
1.445563610160000110e+02
1.245195186280000001e+02
1.025030407500000109e+02
7.888929250600001808e+01
5.406679133800000869e+01
2.835623522000000207e+01
2.213980258000000312e+00
-2.397760842400000314e+01
-4.971900291600000088e+01
-7.473884856200000115e+01
-9.852527442400000268e+01
-1.207946020140000059e+02
-1.411459708620000129e+02
-1.592401876480000169e+02
-1.748182311460000165e+02
-1.876272516440000118e+02
-1.975439148420000208e+02
-2.042660373079999943e+02
-2.077566091540000173e+02
-2.079786204920000046e+02
-2.049197474899999918e+02
-1.986354953820000162e+02
-1.891751882899999941e+02
-1.767361898880000126e+02
-1.615158350560000144e+02
-1.437361447300000066e+02
-1.236869689120000118e+02
-1.016581576040000243e+02
-7.805057127599999944e+01
-5.320956516400000424e+01
-2.752367590600000469e+01
-1.387592458000000084e+00
2.481632965400000046e+01
5.063789624000000344e+01
7.558990322200001799e+01
9.939483402800000533e+01
1.216086563840000139e+02
1.419600252320000209e+02
1.600727373640000337e+02
1.756199520859999836e+02
1.884598109580000198e+02
1.983271404360000361e+02
2.050245864440000503e+02
2.085398251500000129e+02
2.087680080020000162e+02
2.056844681400000070e+02
1.994002064340000118e+02
1.899830807440000342e+02
1.775564157720000082e+02
1.623360609399999817e+02
1.445625325300000270e+02
1.245010232820000198e+02
1.025215456939999967e+02
7.890162593600000207e+01
5.407912476799999979e+01
2.835623522000000207e+01
2.201646827999999889e+00
-2.396527499400000139e+01
-4.972516483200000437e+01
-7.472651513200000295e+01
-9.854377936800000271e+01
-1.208069354440000183e+02
-1.411397993479999968e+02
-1.592586829939999973e+02
-1.748613933519999932e+02
-1.876642519340000206e+02
-1.975192479820000244e+02
-2.042475323640000227e+02
-2.077381042100000172e+02
-2.080032873520000294e+02
-2.049382524340000202e+02
-1.986478288120000286e+02
-1.891690263739999978e+02
-1.767300183740000250e+02
-1.615220065700000305e+02
-1.437361447300000066e+02
-1.236807973980000099e+02
-1.016951578940000047e+02
-7.805057127599999944e+01
-5.322807010799999716e+01
-2.753600933600000289e+01
-1.399925888000000285e+00
2.474232907400000414e+01
5.056389566000000002e+01
7.554673141800000735e+01
9.937632908400001952e+01
1.216333232440000245e+02
1.419600252320000209e+02
1.600480705040000089e+02
1.756446189460000085e+02
1.884783159020000198e+02
1.983086354920000076e+02
2.050245864440000503e+02
