4.617780194270000305e-01
3.073619302301215228e+01
6.300257207014341532e+01
9.618569450097554352e+01
1.253394452717006828e+02
1.504800170411699014e+02
1.696370990384548918e+02
1.837167178866306472e+02
1.931822193563611449e+02
1.939709653553239264e+02
1.898046762126192561e+02
1.783182316725180101e+02
1.616937830768819140e+02
1.425524212264979269e+02
1.170629418215247313e+02
8.732967906374085487e+01
5.692578176728800088e+01
2.443869076909997062e+01
-8.632339486498018744e+00
-4.227403440397641532e+01
-7.053189186290967427e+01
-9.923510332031210623e+01
-1.218240045069008346e+02
-1.423679907950145491e+02
-1.567806009067769253e+02
-1.665451100672361235e+02
-1.709131745670402154e+02
-1.687809163978642459e+02
-1.618711498247317024e+02
-1.481445004011551987e+02
-1.311068588778144601e+02
-1.097076816243283162e+02
-8.734915530799678152e+01
-5.902430098252386870e+01
-3.186205735309379605e+01
-5.823979358180042532e+00
2.220663624600345187e+01
4.691525183797870824e+01
7.137019247258045596e+01
8.934560051292569938e+01
1.059664276275018864e+02
1.170877232883135406e+02
1.232177248889208414e+02
1.244092537319899918e+02
1.192709516359052202e+02
1.102219951656340697e+02
9.809090185217630165e+01
8.056710636670050008e+01
6.065574001666453796e+01
3.730557473675818869e+01
1.197958100934797798e+01
-1.272509026316037684e+01
-3.756710554625315979e+01
-6.207253379612480870e+01
-8.483322614935117656e+01
-1.043722645989603137e+02
-1.197821902657836119e+02
-1.319665240501865640e+02
-1.396240528944266828e+02
-1.426206201197088319e+02
-1.401171484271208101e+02
-1.338596256287984545e+02
-1.226349661489053204e+02
-1.067959111722353214e+02
-8.874903260873855970e+01
-6.723005901007344676e+01
-4.377772182976249837e+01
-1.857787838214102294e+01
6.527234788961422396e+00
3.075200997913583123e+01
5.508755698869774164e+01
7.595484568816716830e+01
9.182512851895636175e+01
1.059697564545122930e+02
1.174425539965146612e+02
1.224897573218527214e+02
1.231154984691527687e+02
1.185684713744323346e+02
1.099433132243863724e+02
9.721209173081408039e+01
8.293018007641911993e+01
6.078795694097743763e+01
3.934290205882652458e+01
1.526331910874467468e+01
-8.660774359457178662e+00
-3.286828205266188263e+01
-5.690160367483060355e+01
-7.856354540190541513e+01
-9.757419328863129238e+01
-1.148027009959754992e+02
-1.256692372484385771e+02
-1.338234746497981007e+02
-1.360104471021991515e+02
-1.350264751559350884e+02
-1.282102289123062349e+02
-1.181117137443532528e+02
-1.027964379002434185e+02
-8.495159996414105308e+01
-6.516052694027372638e+01
-4.157803597745937907e+01
-1.813366268253816926e+01
6.362976026076083258e+00
3.003013707899969731e+01
5.281171925285581636e+01
7.423313768008655700e+01
9.186219951788126536e+01
1.061188166370343708e+02
1.164324214916912865e+02
1.211194170983607137e+02
1.244471140819679107e+02
1.206810765305046118e+02
1.128587283423155441e+02
1.005275621911752921e+02
8.588741961555101057e+01
6.585889639578105914e+01
4.408336636119692997e+01
2.155869758296200089e+01
-2.665244660392690257e+00
-2.705213041201782787e+01
-5.018924447594913829e+01
-7.194981786145187641e+01
-9.165148284586236116e+01
-1.084973425910047666e+02
-1.202382296120237015e+02
-1.294511344306403657e+02
-1.333770509882101862e+02
-1.328707132702899685e+02
-1.265806748516660463e+02
-1.183089255570770888e+02
-1.042036259270360290e+02
-8.674941685448290229e+01
-6.794808993173894862e+01
-4.624273779072677115e+01
-2.262732025823784454e+01
1.631650450352700732e+00
2.724673333325133129e+01
5.042225678263791622e+01
6.953901245521029750e+01
8.978376189516461636e+01
1.038406219325557061e+02
1.151143099372373229e+02
1.210609234215135501e+02
1.235912717689408851e+02
1.222957084481592034e+02
1.151534946610009769e+02
1.033958943544990063e+02
9.004548678537310025e+01
7.146553235801921744e+01
5.093962291393751229e+01
2.810629501582180367e+01
3.007438390490303703e+00
-2.069407308874583507e+01
-4.335968586643721068e+01
-6.460362835838111550e+01
-8.591455121105889248e+01
-1.028391346172956986e+02
-1.153444754576940454e+02
-1.259993817954369320e+02
-1.303815956618961422e+02
-1.306504527842307937e+02
-1.289080742521539946e+02
-1.198085476637029529e+02
-1.076561019949348292e+02
-9.208472731771615827e+01
-7.282456643281516051e+01
-5.050556959166429749e+01
-2.714302109427755383e+01
-3.045328513240325385e+00
2.169717740368128389e+01
4.333867084263587088e+01
6.519963526941967302e+01
8.521757059798717648e+01
1.018581273726143905e+02
1.124431751820859944e+02
1.217114668038534688e+02
1.238397394793864663e+02
1.236186904969616762e+02
1.184687402578827005e+02
1.078760469683624592e+02
9.389355524448478718e+01
7.885230329390601867e+01
5.766585112106014321e+01
3.484306159462673236e+01
1.103828555685157653e+01
-1.357011050984948142e+01
-3.611663766758922378e+01
-5.824406522964491728e+01
-7.871043892581568002e+01
-9.732591716767228718e+01
-1.119611852652336665e+02
-1.226605828344143418e+02
-1.287848634249642998e+02
-1.302774845160274992e+02
-1.281686927739150406e+02
-1.215534544002851760e+02
-1.103097696754075940e+02
-9.476021374289770449e+01
-7.625668225620920282e+01
-5.571150488848051197e+01
-3.331212985409812433e+01
-9.746860683836180428e+00
1.545506053621036280e+01
3.800756769008817315e+01
6.012487408219613627e+01
8.024302675856938549e+01
9.604042922906296553e+01
1.097259128525755756e+02
1.194003585718495231e+02
1.241826179334210849e+02
1.238621935593305068e+02
1.201436645782114851e+02
1.108044705985219167e+02
9.967320019047720336e+01
8.406140135096448773e+01
6.359196769088744361e+01
4.199890911933719906e+01
1.926312131053064647e+01
-5.509770096222537106e+00
-2.876120254161567757e+01
-5.255768632631336601e+01
-7.376231656559130556e+01
-9.133798380371665360e+01
-1.070848377838318584e+02
-1.195497329905753219e+02
-1.279559556500500008e+02
-1.306107197523570846e+02
-1.294677207185970644e+02
-1.237994168767592384e+02
-1.133139436843527221e+02
-9.945773491827819157e+01
-8.264889540394860035e+01
-6.269435594804022571e+01
-3.963233948411636476e+01
-1.645023974564507796e+01
8.052510428752086113e+00
3.192827854969269552e+01
5.566603208592565721e+01
7.468141372560357638e+01
9.215585435843621553e+01
1.068932015283175616e+02
1.183015394839750627e+02
1.223013325709196124e+02
1.250969597292911857e+02
1.207111900747368338e+02
1.145207744469932294e+02
1.031706183040345621e+02
8.856826094313484532e+01
6.927764515213222296e+01
4.887252044596385048e+01
2.655017802645285840e+01
2.151303648899145937e+00
-2.095110499737209864e+01
-4.563607599561165529e+01
-6.580906294505292919e+01
-8.688260635014883349e+01
-1.026025939599696954e+02
-1.163277086552623416e+02
-1.247419283535778902e+02
-1.290370627899364990e+02
-1.288941590874503049e+02
-1.257761621506231933e+02
-1.148267044770155678e+02
-1.027630110464380806e+02
-8.693498170637012379e+01
-6.804381055373505660e+01
-4.624710246291369486e+01
-2.334615150232054503e+01
1.373806219083351099e+00
2.494167173381066860e+01
4.806537039205986872e+01
6.857005736608773816e+01
8.698357467283919675e+01
1.032735816603984773e+02
1.135824179393058131e+02
1.228082496820447318e+02
1.246291171866781440e+02
1.238582837257744131e+02
1.180395323797577447e+02
1.058875499410036838e+02
9.404797867732824557e+01
7.471118679267087259e+01
5.660539207379885340e+01
3.452334635935037710e+01
9.931483231571808901e+00
-1.414092596494028164e+01
-3.708027762375373726e+01
-5.919608487948042352e+01
-8.041713370628404789e+01
-9.791412002147720273e+01
-1.118733140916976225e+02
-1.212362525368023398e+02
-1.273368688914049898e+02
-1.289905842898116362e+02
-1.271124175159092999e+02
-1.192597797259956138e+02
-1.072624624231416419e+02
-9.248630041110611444e+01
-7.336360620033420332e+01
-5.225174896346429421e+01
-3.027427254259050216e+01
-6.494052016621479240e+00
1.695031591477277999e+01
4.130844038314642575e+01
6.321692070119819817e+01
8.218037426756093566e+01
9.775990538942497210e+01
1.125052040853798445e+02
1.202054441761773091e+02
1.243683058626582749e+02
1.258100933666151207e+02
1.203986712919589195e+02
1.115569901220852245e+02
9.864784777192087972e+01
8.194527775818467319e+01
6.180361466732393438e+01
4.046880282158043229e+01
1.799347477012576491e+01
-6.639714859022941340e+00
-3.026159529939151938e+01
-5.435712501033608390e+01
-7.359725881697234229e+01
-9.258266083553382941e+01
-1.069008444977805823e+02
-1.190062259311910822e+02
-1.264987328178666957e+02
-1.296704375506627684e+02
-1.282830025527293856e+02
-1.213896712834140317e+02
-1.119875347485698001e+02
-9.684710887942247837e+01
-7.850054664885983868e+01
-5.988623447352659213e+01
-3.682226947239215775e+01
-1.315228935127608167e+01
9.950091212087588843e+00
3.482446204048077476e+01
5.667133840012936474e+01
7.599805761382765468e+01
9.407831584946944758e+01
1.075905138295504742e+02
1.170432589778718011e+02
1.235251154598067274e+02
1.250418876216901225e+02
1.216209825550986778e+02
1.151255045448207994e+02
1.034321767594100550e+02
8.702510949979817667e+01
6.928156923402902123e+01
4.798411397540624534e+01
2.554267329926402397e+01
1.642803097382183219e+00
-2.198102598579676936e+01
-4.466078706345911797e+01
-6.761825091532438137e+01
-8.690342254813356249e+01
-1.025534813436868973e+02
-1.149225524218645518e+02
-1.244606804061012610e+02
-1.280366454634995250e+02
-1.290510001244615239e+02
-1.233930285315214093e+02
-1.153672407569941214e+02
-1.028242459843686305e+02
-8.464454838356481048e+01
-6.591105568649206248e+01
-4.385618508298567519e+01
-2.049729021479498314e+01
2.635753764676365574e+00
2.607870246349296295e+01
4.904238836035792559e+01
6.954711129679270698e+01
8.873427867711298234e+01
1.042863850558069885e+02
1.146207563997457584e+02
1.221837404711149304e+02
1.249550420734021827e+02
1.235285513608759089e+02
1.181031464296728757e+02
1.072013762620960762e+02
9.244807951717925221e+01
7.478108399781319804e+01
5.490422072898778794e+01
3.345117123447685969e+01
1.008392307490026418e+01
-1.389988536029069266e+01
-3.861128193400214315e+01
-5.987776923926612227e+01
-8.053780752024843537e+01
-9.716289473110477104e+01
-1.121791174345998741e+02
-1.224115805997278272e+02
-1.268467983142502788e+02
-1.285649077917074692e+02
-1.255507465095696773e+02
-1.191433779252095917e+02
-1.064979561725457557e+02
-9.039498173666650871e+01
-7.251800856857725819e+01
-5.165406779572619911e+01
-2.894458257938011414e+01
-5.201853258295679794e+00
1.904925019355906102e+01
4.254548508484070624e+01
6.476272098512765751e+01
8.353005445854299182e+01
9.974255265475852639e+01
1.113395618025202936e+02
1.206163104677607407e+02
1.249016708031086296e+02
1.249201151299786545e+02
1.204414241076026144e+02
1.117818291624157041e+02
9.810048576493242933e+01
8.181684217894824940e+01
6.241291905030280418e+01
3.994404514231757020e+01
1.619946617151419233e+01
-5.959678056577683236e+00
-3.013450575849581270e+01
-5.261211729866559494e+01
-7.276547184070980734e+01
-9.231083322133525826e+01
-1.072264300407288715e+02
-1.184777692791900421e+02
-1.267573049114370463e+02
-1.292130823025640325e+02
-1.270850373891767759e+02
-1.217614808652758711e+02
-1.095092904337528097e+02
-9.721127709241024206e+01
-7.851373788542548482e+01
-5.764663349056839792e+01
-3.483930289602275820e+01
-1.244636564672902423e+01
1.093635247017574486e+01
3.470000797153943495e+01
5.824175978339521720e+01
7.732792775384753270e+01
9.426866064270009815e+01
1.081438034968067825e+02
1.184559003635553296e+02
1.242754316511957597e+02
1.245224424464376796e+02
1.224100830906959203e+02
1.158417178041150919e+02
1.030270823199699066e+02
8.810378211954468952e+01
6.868677133088077369e+01
4.889998305405430301e+01
2.553203761247091563e+01
1.441454014252275151e+00
-2.186325291971859031e+01
-4.641188187234521934e+01
-6.656139531966145739e+01
-8.568633732279489834e+01
-1.036464096487518418e+02
-1.144025083413844328e+02
-1.243984741613463569e+02
-1.283631758839982240e+02
-1.261819999218285204e+02
-1.236109815155915044e+02
-1.140807872005256058e+02
-1.013813555635727255e+02
-8.510977668113466166e+01
-6.416582474381928591e+01
-4.328846704295056469e+01
-2.058947654041845965e+01
4.251741179455673425e+00
2.726529841170763291e+01
5.016497437552484939e+01
7.078085938412932876e+01
8.980162841290191977e+01
1.036439412738888706e+02
1.159047719792249893e+02
1.236671942367348720e+02
1.262727465221068002e+02
1.245862624879917888e+02
1.171307030966297589e+02
1.071711563649849097e+02
9.215358041864827499e+01
7.542053297422224034e+01
5.522379522502593829e+01
3.391035193704956185e+01
8.839406061625190603e+00
-1.420539146405298325e+01
-3.768893056141948961e+01
-6.083486655358522910e+01
-7.986915768140761429e+01
-9.843395337290148461e+01
-1.117167634311555560e+02
-1.202057167829322850e+02
-1.274495708357394932e+02
-1.276636014469942921e+02
-1.244229852849369138e+02
-1.173018022717694464e+02
-1.069734112068631049e+02
-9.067224353440363416e+01
-7.214304523762669419e+01
-5.008249705775866545e+01
-2.762431503529827381e+01
