-1.489403199999999976e-02
-1.370919200000000025e-02
-1.251085899999999917e-02
-1.131509500000000071e-02
-1.011740399999999998e-02
-8.919071000000000637e-03
-7.721379999999999910e-03
-6.527543999999999708e-03
-5.326641000000000015e-03
-4.131519999999999637e-03
-2.933829000000000211e-03
-1.737423000000000092e-03
-5.365189999999999499e-04
6.637420000000000429e-04
1.857577999999999920e-03
3.052697999999999957e-03
4.251032000000000075e-03
5.443583000000000102e-03
6.644485999999999795e-03
7.840249999999999997e-03
9.034085000000000726e-03
1.023306099999999989e-02
1.143332199999999924e-02
1.263165599999999979e-02
1.382484900000000017e-02
