-2.393711299999999945e-02
-2.258649799999999999e-02
-2.056892899999999968e-02
-1.901976899999999887e-02
-1.731832900000000036e-02
-1.556612700000000078e-02
-1.356333600000000049e-02
-1.184904500000000076e-02
-1.016495199999999967e-02
-8.406326000000000423e-03
-6.712595000000000020e-03
-5.047778999999999634e-03
-3.202410000000000152e-03
-1.438643000000000083e-03
4.722649999999999786e-04
2.069614999999999910e-03
3.857156000000000039e-03
5.542532999999999661e-03
7.231765999999999715e-03
8.855460000000000761e-03
1.083769000000000052e-02
1.250379100000000021e-02
1.442112400000000044e-02
1.588418399999999911e-02
1.755221200000000106e-02
