-4.488835199999999759e+01
-1.937251999999999974e+00
4.095923200000000008e+01
8.082486399999999094e+01
1.194317640000000011e+02
1.522140559999999994e+02
1.767622230000000059e+02
1.955526069999999947e+02
2.068137289999999950e+02
2.108764970000000005e+02
2.119206210000000112e+02
2.045121570000000020e+02
1.882835730000000183e+02
1.681939779999999871e+02
1.420388230000000078e+02
1.078069650000000053e+02
6.951555099999998788e+01
2.836484300000000047e+01
-1.652672199999999947e+01
-5.704902799999999985e+01
-9.109005200000000002e+01
-1.232497249999999980e+02
-1.525860860000000230e+02
-1.734409440000000018e+02
-1.869528770000000009e+02
-1.972148530000000051e+02
-2.017955060000000174e+02
-1.989535610000000077e+02
-1.889640210000000025e+02
-1.683693910000000074e+02
-1.404421159999999986e+02
-1.108847220000000107e+02
-7.713990799999999126e+01
-4.127793099999999527e+01
-3.812177999999999845e+00
3.555677200000000227e+01
7.341126000000001284e+01
1.066150569999999931e+02
1.360330199999999934e+02
1.650808810000000051e+02
1.870113479999999981e+02
1.989696240000000103e+02
2.080872390000000109e+02
2.132911550000000034e+02
2.082934940000000097e+02
1.941692219999999907e+02
1.730483529999999917e+02
1.452958490000000040e+02
1.143190879999999936e+02
8.064109799999999950e+01
4.177075699999999614e+01
3.194698999999999955e+00
-3.524514100000000383e+01
-7.484926000000000101e+01
-1.090425659999999937e+02
-1.388486220000000060e+02
-1.662567259999999862e+02
-1.873371150000000114e+02
-2.026365890000000149e+02
-2.121699260000000038e+02
-2.136991669999999885e+02
-2.035772650000000112e+02
-1.827885880000000043e+02
-1.576492859999999894e+02
-1.271319400000000002e+02
-9.159765699999999811e+01
-5.513683400000000034e+01
-1.744490900000000266e+01
2.262569299999999828e+01
6.154615199999999930e+01
9.968785400000000152e+01
1.346020880000000091e+02
1.598037160000000085e+02
1.816121009999999956e+02
2.026873489999999833e+02
2.144554339999999968e+02
2.159351989999999830e+02
2.094950399999999888e+02
1.912720179999999743e+02
1.672147500000000093e+02
1.439966370000000211e+02
1.189402219999999915e+02
8.735369299999999271e+01
5.013853100000000040e+01
1.367449500000000029e+01
-2.380153800000000075e+01
-6.260184200000000487e+01
-9.860389200000000187e+01
-1.318224679999999864e+02
-1.600729389999999910e+02
-1.784186859999999797e+02
-1.916928800000000024e+02
-2.001596049999999991e+02
-1.990525109999999813e+02
-1.910914649999999995e+02
-1.788273409999999899e+02
-1.599187300000000107e+02
-1.357380950000000155e+02
-1.111944259999999929e+02
-7.864537500000000136e+01
-3.579065599999999847e+01
6.860379000000000005e+00
4.672344099999999401e+01
8.770130600000000243e+01
1.268916310000000038e+02
1.571885859999999866e+02
1.799941900000000032e+02
1.970028149999999982e+02
2.071574870000000033e+02
2.131208830000000205e+02
2.127385719999999765e+02
2.024251940000000047e+02
1.870511850000000038e+02
1.653064120000000230e+02
1.367449520000000120e+02
1.040217729999999960e+02
6.637867999999998858e+01
2.463233899999999821e+01
-1.781886599999999987e+01
-5.598241399999999857e+01
-9.301188299999999742e+01
-1.289207659999999862e+02
-1.557441599999999937e+02
-1.737442220000000077e+02
-1.888143100000000061e+02
-1.994271109999999965e+02
-2.024958729999999889e+02
-1.989060130000000015e+02
-1.869091840000000104e+02
-1.670913830000000075e+02
-1.430199789999999780e+02
-1.126369239999999934e+02
-7.889596500000000390e+01
-4.605327399999999471e+01
-7.713027000000000299e+00
3.353791700000000020e+01
7.172459700000000282e+01
1.074914789999999982e+02
1.391030670000000100e+02
1.639442310000000020e+02
1.813717910000000018e+02
1.960351529999999798e+02
2.082607250000000079e+02
2.114567089999999894e+02
2.059765020000000106e+02
1.934592179999999928e+02
1.723068639999999903e+02
1.450947340000000167e+02
1.146525659999999931e+02
7.918253699999999640e+01
4.209652400000000227e+01
4.533749000000000251e+00
-3.658611799999999903e+01
-7.366056399999999371e+01
-1.041406430000000114e+02
-1.347659350000000131e+02
-1.633967889999999841e+02
-1.854673289999999781e+02
-2.043508800000000178e+02
-2.165134840000000054e+02
-2.146790369999999939e+02
-2.004815159999999992e+02
-1.806470079999999996e+02
-1.560178819999999860e+02
-1.243960129999999964e+02
-8.962892100000000539e+01
-5.410813100000000020e+01
-1.637829500000000138e+01
2.011401199999999889e+01
5.631396399999999858e+01
9.552099499999999921e+01
1.308663710000000151e+02
1.601063510000000178e+02
1.865403680000000008e+02
2.066865059999999801e+02
2.166863260000000082e+02
2.182528340000000071e+02
2.109362529999999936e+02
1.936455540000000042e+02
1.737313709999999958e+02
1.512785210000000120e+02
1.213291789999999963e+02
8.757215599999999256e+01
5.493700499999999920e+01
2.045070199999999971e+01
-1.960833400000000282e+01
-5.989868400000000292e+01
-9.745888900000001343e+01
-1.317402229999999861e+02
-1.581575330000000008e+02
-1.779817609999999775e+02
-1.929503270000000157e+02
-1.996224430000000041e+02
-2.003189539999999909e+02
-1.947879859999999894e+02
-1.811591110000000242e+02
-1.618778289999999913e+02
-1.375449119999999823e+02
-1.076456880000000069e+02
-7.063228200000000356e+01
-3.289602199999999499e+01
2.813673999999999786e+00
4.255529599999999846e+01
8.408060400000000811e+01
1.207637450000000001e+02
1.516415550000000110e+02
1.768251919999999870e+02
1.948368189999999913e+02
2.079188939999999945e+02
2.146713269999999909e+02
2.124352939999999990e+02
2.050081969999999956e+02
1.898128140000000030e+02
1.654734720000000152e+02
1.383635060000000010e+02
1.066234100000000069e+02
6.797089000000001136e+01
2.758608699999999914e+01
-1.365393399999999957e+01
-5.609421600000000296e+01
-9.828712099999999907e+01
-1.325813060000000121e+02
-1.565409080000000017e+02
-1.768142689999999959e+02
-1.925628769999999861e+02
-2.012968970000000013e+02
-2.044266999999999825e+02
-2.008008580000000052e+02
-1.888830609999999979e+02
-1.714651389999999935e+02
-1.457719700000000103e+02
-1.129286359999999974e+02
-7.914976699999999710e+01
-4.047154499999999899e+01
2.834877999999999787e+00
4.201299399999999906e+01
7.759418200000000354e+01
1.110980450000000133e+02
1.374774460000000147e+02
1.602920450000000017e+02
1.830668070000000114e+02
2.008053549999999916e+02
2.081983979999999974e+02
2.083429689999999823e+02
2.051142159999999990e+02
1.935954360000000065e+02
1.724199509999999975e+02
1.452007529999999917e+02
1.119975980000000106e+02
7.647745100000000207e+01
4.272942400000000163e+01
5.031072999999999240e+00
-3.472661300000000040e+01
-7.030651600000000201e+01
-1.030072060000000107e+02
-1.343894079999999747e+02
-1.616323789999999860e+02
-1.840010570000000030e+02
-2.015924640000000068e+02
-2.078964050000000157e+02
-2.033639419999999802e+02
-1.940985430000000065e+02
-1.778448999999999955e+02
-1.518998550000000023e+02
-1.212353679999999940e+02
-8.982810700000000281e+01
-5.542854700000000179e+01
-1.871777700000000166e+01
1.752008599999999916e+01
5.655041800000000052e+01
9.583712299999999118e+01
1.309858830000000012e+02
1.625364299999999957e+02
1.867614010000000064e+02
2.039023889999999994e+02
2.144194520000000068e+02
2.160637069999999937e+02
2.090407659999999908e+02
1.951754370000000165e+02
1.766607020000000148e+02
1.502427490000000034e+02
1.164780159999999967e+02
8.372592299999999454e+01
5.111390400000000511e+01
1.435815600000000103e+01
-2.424488899999999703e+01
-6.236538800000000293e+01
-9.889624700000000246e+01
-1.296648250000000075e+02
-1.555815979999999854e+02
-1.784848679999999774e+02
-1.929361920000000055e+02
-2.005393449999999973e+02
-2.028434859999999844e+02
-1.944937039999999797e+02
-1.792732619999999883e+02
-1.606570069999999930e+02
-1.348764510000000030e+02
-1.031967539999999985e+02
-7.054232700000000023e+01
-3.796693199999999990e+01
-2.293859999999999788e-01
4.189798000000000400e+01
8.011421699999999646e+01
1.150991299999999882e+02
1.478634309999999914e+02
1.742184149999999931e+02
1.932362569999999948e+02
2.064879620000000102e+02
2.116488280000000088e+02
2.117998240000000010e+02
2.068760550000000080e+02
1.899920820000000106e+02
1.666994349999999940e+02
1.411893880000000081e+02
1.082001980000000003e+02
6.910047199999999634e+01
2.849656299999999831e+01
-1.595229299999999917e+01
-5.980037599999999998e+01
-9.749615699999999663e+01
-1.282692330000000140e+02
-1.550328710000000001e+02
-1.775454770000000053e+02
-1.920443490000000111e+02
-2.010553029999999808e+02
-2.051720439999999996e+02
-2.010328140000000019e+02
-1.905549450000000036e+02
-1.745698830000000044e+02
-1.478460819999999956e+02
-1.153773490000000095e+02
-7.996322000000000685e+01
-3.790396299999999741e+01
5.310577000000000325e+00
4.341115699999999578e+01
7.867107599999999934e+01
1.112785980000000023e+02
1.385312079999999924e+02
1.643683059999999898e+02
1.874893959999999993e+02
2.018873890000000131e+02
2.085537219999999934e+02
2.121712109999999996e+02
2.098085990000000152e+02
1.961912889999999834e+02
1.742415459999999996e+02
1.459852919999999870e+02
1.117251619999999974e+02
7.800155200000000377e+01
4.393996599999999830e+01
5.343346999999999625e+00
-3.331624200000000258e+01
-7.163078699999999799e+01
-1.076726749999999981e+02
-1.386166660000000093e+02
-1.651168629999999951e+02
-1.866470290000000034e+02
-1.999687710000000038e+02
-2.021945229999999754e+02
-1.999841920000000073e+02
-1.951092550000000188e+02
-1.794814439999999820e+02
-1.540896250000000123e+02
-1.253141999999999854e+02
-9.326311599999999657e+01
-5.735037799999999919e+01
-1.973041699999999921e+01
1.944641500000000178e+01
5.969050200000000217e+01
9.723335900000000720e+01
1.332662510000000111e+02
1.638671270000000106e+02
1.854139979999999923e+02
2.034500419999999963e+02
2.145678779999999790e+02
2.151827869999999905e+02
2.093144869999999855e+02
1.973465730000000065e+02
1.765662489999999991e+02
1.474624870000000101e+02
1.159569180000000017e+02
8.499043799999999749e+01
4.979348799999999642e+01
1.164471699999999998e+01
-2.597974200000000167e+01
-6.378218400000000798e+01
-1.001614050000000020e+02
-1.314067459999999983e+02
-1.583419420000000173e+02
-1.789821920000000262e+02
-1.923444140000000004e+02
-2.028659749999999917e+02
-2.041664719999999988e+02
-1.934020319999999913e+02
-1.789571329999999989e+02
-1.611414800000000014e+02
-1.368226990000000001e+02
-1.104259500000000003e+02
-7.996514799999999923e+01
-4.150795899999999961e+01
1.412299000000000193e+00
4.263625599999999594e+01
8.039693400000000167e+01
1.177303229999999985e+02
1.505781539999999836e+02
1.761428170000000080e+02
1.961867919999999970e+02
2.082600820000000112e+02
2.131555800000000147e+02
2.142485369999999989e+02
2.062142409999999870e+02
1.894459249999999884e+02
1.683790290000000027e+02
1.407678830000000119e+02
1.063805310000000048e+02
6.817264699999999777e+01
2.752954399999999779e+01
-1.580193900000000085e+01
-5.436835899999999810e+01
-8.672721899999999096e+01
-1.194728860000000026e+02
-1.496696050000000184e+02
-1.704621370000000127e+02
-1.840608129999999960e+02
-1.955339730000000031e+02
-2.011510409999999922e+02
-1.992491279999999847e+02
-1.902850789999999961e+02
-1.705456670000000088e+02
-1.431073639999999898e+02
-1.135281239999999912e+02
-7.894286999999999921e+01
-4.126122499999999604e+01
-2.858009000000000022e+00
3.608943599999999918e+01
7.288116599999999323e+01
1.063895260000000036e+02
1.376727769999999964e+02
1.664732610000000079e+02
1.869875739999999951e+02
1.985706080000000213e+02
2.076843680000000063e+02
2.124218009999999879e+02
2.068831230000000119e+02
1.930216489999999965e+02
1.727701339999999846e+02
1.452785000000000082e+02
1.139059359999999970e+02
7.953593299999999999e+01
4.086349400000000287e+01
2.646614000000000022e+00
-3.679879799999999790e+01
-7.876617199999999741e+01
-1.136206499999999977e+02
-1.419013199999999983e+02
-1.672924970000000258e+02
-1.859775039999999819e+02
-1.975759589999999832e+02
-2.051039349999999786e+02
-2.078886950000000127e+02
-2.000850700000000018e+02
-1.812914739999999938e+02
-1.569990370000000155e+02
-1.273112080000000077e+02
-9.261415200000000425e+01
-5.656583899999999687e+01
-1.882829299999999861e+01
2.153273599999999988e+01
6.052387399999999928e+01
9.849594600000000355e+01
1.337487969999999962e+02
1.602387140000000159e+02
1.833392430000000104e+02
2.046323120000000131e+02
2.152650319999999908e+02
2.157148090000000025e+02
2.093870939999999905e+02
1.926637549999999806e+02
1.680744660000000010e+02
1.436143270000000030e+02
1.189601410000000072e+02
8.810032199999999136e+01
5.246259100000000331e+01
1.629026800000000108e+01
-2.190669300000000064e+01
-6.128592400000000140e+01
-9.824214299999999866e+01
-1.334712210000000141e+02
-1.630382529999999974e+02
-1.826086770000000001e+02
-1.964193899999999928e+02
-2.033009729999999990e+02
-1.997907879999999921e+02
-1.898712850000000003e+02
-1.766298600000000079e+02
-1.580540850000000148e+02
-1.339743280000000141e+02
-1.063606119999999891e+02
-7.179720400000000780e+01
