    -2.409720807     -0.626217604      0.000237739
    -2.655978663     -0.465014440      0.000241594
    -2.840831083     -0.305845551      0.000239667
    -2.911167156     -0.145381306      0.000235811
    -2.823730575      0.014417269      0.000242879
    -2.547486110      0.174316723      0.000237097
    -2.065281206      0.334726353      0.000240952
    -1.382858227      0.493911304      0.000239667
    -0.534743314      0.654979535      0.000230671
     0.419542663      0.813454483      0.000239667
     1.409693187      0.975334882      0.000233241
     2.365207697      1.132708519      0.000235811
     3.218198190      1.295782753      0.000232599
     3.889316354      1.451459447      0.000240309
     4.302276214      1.617170016      0.000235811
     4.429174271      1.768792937      0.000237097
     4.298159473      1.941047113      0.000228744
     3.971554801      1.916910813      0.000228101
     3.523248922      1.740178789      0.000235811
     3.022449609      1.589471484      0.000239667
     2.554966538      1.423334271      0.000234526
     2.221480926      1.267980131      0.000231314
     2.079068788      1.104706067      0.000230671
     2.119478650      0.947480214      0.000235811
     2.289444748      0.785475162      0.000233884
     2.519608310      0.627095311      0.000225531
     2.740837381      0.465997523      0.000232599
     2.891946272      0.306851124      0.000237739
     2.922335752      0.146352181      0.000230029
     2.793491448     -0.013477236      0.000227458
     2.478455675     -0.173321432      0.000230671
     1.964993222     -0.333741984      0.000229386
     1.261383193     -0.492983479      0.000230671
     0.403084050     -0.654094118      0.000237097
    -0.551469865     -0.812493246      0.000229386
    -1.533740302     -0.974471310      0.000231314
    -2.475978690     -1.131863581      0.000230671
    -3.309021589     -1.295186478      0.000226173
    -3.951381676     -1.450987824      0.000232599
    -4.331441660     -1.616835896      0.000230671
    -4.425299124     -1.768584112      0.000230029
    -4.262310346     -1.940931456      0.000230029
    -3.905219171     -1.916840134      0.000231956
    -3.425885128     -1.740031005      0.000240952
    -2.894964916     -1.589254949      0.000233241
    -2.408507053     -1.422960956      0.000235811
    -2.072626059     -1.267383856      0.000230671
    -1.936339879     -1.103999918      0.000233241
    -1.983866493     -0.946697602      0.000230671
    -2.163204008     -0.784616731      0.000236454
    -2.409237618     -0.626319767      0.000231956
    -2.655645828     -0.465097327      0.000231314
    -2.840707073     -0.305921371      0.000230671
    -2.911181291     -0.145464836      0.000242879
    -2.823853942      0.014350445      0.000233884
    -2.547653812      0.174244759      0.000233884
    -2.065428348      0.334671737      0.000235169
    -1.383067052      0.493884960      0.000234526
    -0.535106348      0.654935843      0.000240309
     0.419101882      0.813373523      0.000240952
     1.409256262      0.975262275      0.000230029
     2.364818319      1.132635269      0.000237739
     3.217817165      1.295773115      0.000242879
     3.888874288      1.451445311      0.000244164
     4.301850212      1.617197002      0.000238382
     4.428879346      1.768753742      0.000228101
     4.298044459      1.941085665      0.000242237
     3.971444285      1.916964144      0.000235169
     3.523094712      1.740264889      0.000226816
     3.022496514      1.589711794      0.000226816
     2.555371979      1.423528960      0.000232599
     2.221969255      1.268102856      0.000235169
     2.079418972      1.104806945      0.000235811
     2.119605230      0.947578522      0.000230671
     2.289347725      0.785540059      0.000231956
     2.519283829      0.627174343      0.000230029
     2.740382464      0.466063704      0.000229386
     2.891636568      0.306907667      0.000230671
     2.922378802      0.146402942      0.000224246
     2.793814645     -0.013414910      0.000229386
     2.478819994     -0.173277739      0.000232599
     1.965164779     -0.333678373      0.000235169
     1.261301590     -0.492902520      0.000227458
     0.402974176     -0.654060706      0.000230029
    -0.551456372     -0.812428992      0.000231314
    -1.533578383     -0.974446251      0.000228101
    -2.475832192     -1.131794187      0.000229386
    -3.308908502     -1.295108088      0.000234526
    -3.951319993     -1.450949272      0.000235169
    -4.331450013     -1.616766502      0.000229386
    -4.425362735     -1.768548130      0.000237739
    -4.262463270     -1.940982217      0.000231314
    -3.905438277     -1.916965429      0.000235169
    -3.426094595     -1.740033575      0.000239667
    -2.895255343     -1.589333981      0.000233241
    -2.408931128     -1.423055409      0.000240952
    -2.073125954     -1.267515576      0.000233884
    -1.936739538     -1.104062886      0.000239024
    -1.984029055     -0.946748363      0.000240309
    -2.163236778     -0.784652714      0.000239667
    -2.409262677     -0.626342256      0.000236454
    -2.655636833     -0.465128169      0.000237097
    -2.840635751     -0.305954783      0.000236454
    -2.911151092     -0.145513027      0.000240952
    -2.823954821      0.014286191      0.000234526
    -2.547808021      0.174177935      0.000233241
    -2.065675082      0.334619691      0.000240952
    -1.383418521      0.493816209      0.000239024
    -0.535529138      0.654837534      0.000238382
     0.418623191      0.813315052      0.000237739
     1.408777571      0.975205731      0.000242237
     2.364307501      1.132581939      0.000236454
     3.217273577      1.295692798      0.000243522
     3.888557516      1.451309093      0.000236454
     4.301863705      1.617010024      0.000242879
     4.429061184      1.768548130      0.000242237
     4.298245573      1.940965511      0.000240952
     3.971723146      1.916991773      0.000236454
     3.523561838      1.740222481      0.000233884
     3.022992554      1.589668744      0.000243522
     2.555595583      1.423481412      0.000233241
     2.221962187      1.268136268      0.000229386
     2.079325804      1.104841642      0.000237097
     2.119437528      0.947581735      0.000234526
     2.289160746      0.785559977      0.000227458
     2.519250417      0.627175628      0.000222961
     2.740552094      0.466083623      0.000233241
     2.891891656      0.306938509      0.000235811
     2.922682723      0.146454988      0.000233884
     2.794141054     -0.013389851      0.000236454
     2.479123272     -0.173224409      0.000238382
     1.965552230     -0.333623115      0.000234526
     1.261813051     -0.492850474      0.000231956
     0.403618642     -0.653978461      0.000231314
    -0.550754077     -0.812384014      0.000230671
    -1.532954478     -0.974371717      0.000232599
    -2.475236559     -1.131810893      0.000233241
    -3.308333430     -1.295076604      0.000228744
    -3.950731428     -1.450877950      0.000229386
    -4.330930842     -1.616717669      0.000232599
    -4.424966931     -1.768479378      0.000235169
    -4.262257016     -1.940890976      0.000234526
    -3.905449200     -1.916998198      0.000236454
    -3.426298922     -1.740157585      0.000241594
    -2.895575969     -1.589356470      0.000237097
    -2.409306370     -1.423084323      0.000240309
    -2.073387467     -1.267540635      0.000240309
    -1.936807647     -1.104080235      0.000235169
    -1.983984720     -0.946769567      0.000235811
    -2.163106985     -0.784699619      0.000233884
    -2.408985744     -0.626360890      0.000237097
    -2.655269301     -0.465172504      0.000235169
    -2.840248301     -0.306016467      0.000243522
    -2.910760429     -0.145567642      0.000237739
    -2.823611705      0.014231576      0.000237097
    -2.547661523      0.174137455      0.000228744
    -2.065686648      0.334550940      0.000235811
    -1.383597146      0.493721756      0.000235169
    -0.535942290      0.654734086      0.000237097
     0.418129722      0.813202608      0.000229386
     1.408222418      0.975110636      0.000232599
     2.363652112      1.132443150      0.000240952
     3.216607265      1.295625974      0.000236454
     3.888072400      1.451224921      0.000233241
     4.301665161      1.616956050      0.000235811
     4.429133791      1.768508292      0.000237097
     4.298483955      1.940905112      0.000237739
     3.972013574      1.917004623      0.000223603
     3.523743676      1.740243043      0.000224888
     3.023035604      1.589695088      0.000228744
     2.555540324      1.423503901      0.000228744
     2.221908857      1.268140765      0.000226173
     2.079353433      1.104830719      0.000219748
     2.119576316      0.947624142      0.000226173
     2.289377282      0.785592747      0.000231314
     2.519376997      0.627250162      0.000231956
     2.740547596      0.466147234      0.000232599
     2.891817764      0.307013043      0.000235169
     2.922660877      0.146508318      0.000233884
     2.794263136     -0.013298610      0.000233884
     2.479280051     -0.173146019      0.000233884
     1.965579859     -0.333548580      0.000230671
     1.261701249     -0.492763089      0.000229386
     0.403443229     -0.653889791      0.000224888
    -0.550987961     -0.812272855      0.000230671
    -1.533160090     -0.974273409      0.000235811
    -2.475367637     -1.131690096      0.000228101
    -3.308420815     -1.294969943      0.000228101
    -3.950881782     -1.450753940      0.000228744
    -4.331127459     -1.616595587      0.000233241
    -4.425164833     -1.768350871      0.000233241
    -4.262529452     -1.940831220      0.000230671
    -3.905814161     -1.916979564      0.000235169
    -3.426731350     -1.740173649      0.000235169
    -2.896057873     -1.589368678      0.000238382
    -2.409822328     -1.423128016      0.000237097
    -2.073850737     -1.267592038      0.000236454
    -1.937169396     -1.104177901      0.000237097
    -1.984209608     -0.946858237      0.000239667
    -2.163259267     -0.784806280      0.000236454
    -2.409216415     -0.626463696      0.000236454
    -2.655646471     -0.465227762      0.000246092
    -2.840734702     -0.306099997      0.000240952
    -2.911307229     -0.145619688      0.000240952
    -2.824105817      0.014154471      0.000233241
    -2.548030982      0.174047500      0.000238382
    -2.065993781      0.334478333      0.000238382
    -1.383823962      0.493661357      0.000242879
    -0.535958996      0.654707099      0.000231956
     0.418184980      0.813128716      0.000239024
     1.408318156      0.975012327      0.000244164
     2.363779978      1.132377611      0.000235811
     3.216664451      1.295514815      0.000235169
     3.887988870      1.451170305      0.000240952
     4.301494888      1.616939344      0.000234526
     4.428969944      1.768489659      0.000238382
     4.298444760      1.940822867      0.000240952
     3.972084895      1.917030325      0.000235169
     3.523841984      1.740359342      0.000239667
     3.023196881      1.589739423      0.000230029
     2.555893720      1.423594499      0.000233884
     2.222280244      1.268196666      0.000233884
     2.079566113      1.104864131      0.000233884
     2.119642497      0.947645346      0.000230029
     2.289305960      0.785691055      0.000230029
     2.519274191      0.627336905      0.000231314
     2.740436437      0.466231407      0.000239024
     2.891829972      0.307083722      0.000228744
     2.922913394      0.146598916      0.000231956
     2.794654442     -0.013245922      0.000231956
     2.479827493     -0.173095901      0.000230029
     1.966316208     -0.333489467      0.000231314
     1.262532693     -0.492712328      0.000235811
     0.404092835     -0.653867944      0.000234526
    -0.550492564     -0.812256792      0.000232599
    -1.532711599     -0.974244494      0.000231314
    -2.474881235     -1.131656041      0.000235169
    -3.307947265     -1.294942956      0.000239024
    -3.950624124     -1.450728239      0.000231314
    -4.331134527     -1.616558319      0.000227458
    -4.425396789     -1.768324527      0.000235169
    -4.262780684     -1.940860777      0.000230029
    -3.905976723     -1.917115782      0.000233241
    -3.426869496     -1.740312437      0.000237739
    -2.896270553     -1.589521602      0.000235811
    -2.410106330     -1.423265519      0.000237097
    -2.074071127     -1.267689061      0.000242879
    -1.937242645     -1.104229946      0.000233241
    -1.984217318     -0.946937912      0.000239024
    -2.163203366     -0.784813348      0.000240952
    -2.409030079     -0.626517669      0.000239667
    -2.655309781     -0.465284948      0.000238382
    -2.840362673     -0.306146259      0.000237739
    -2.910960258     -0.145674304      0.000235811
    -2.823863580      0.014128770      0.000239667
    -2.547930104      0.174025654      0.000242237
    -2.066056750      0.334440423      0.000239667
    -1.384048208      0.493620235      0.000239024
    -0.536272554      0.654643488      0.000242237
     0.417843792      0.813106227      0.000244164
     1.407906932      0.975008472      0.000235169
     2.363332771      1.132348055      0.000228744
     3.216229453      1.295488471      0.000247377
     3.887729285      1.451161309      0.000235169
     4.301449268      1.616884729      0.000238382
     4.429064397      1.768409984      0.000240309
     4.298593186      1.940786885      0.000230029
     3.972237177      1.917139556      0.000232599
     3.524125986      1.740450583      0.000232599
     3.023564413      1.589848012      0.000242879
     2.556181577      1.423639476      0.000230671
     2.222462724      1.268285979      0.000225531
     2.079599525      1.105017055      0.000230029
     2.119562823      0.947751365      0.000233884
     2.289278331      0.785755951      0.000237097
     2.519318526      0.627414652      0.000230671
     2.740601569      0.466273814      0.000237739
     2.891998317      0.307156329      0.000237739
     2.923039974      0.146654817      0.000229386
     2.794764959     -0.013193234      0.000236454
     2.479952788     -0.173045783      0.000230671
     1.966494833     -0.333430353      0.000231956
     1.262895085     -0.492664138      0.000233884
     0.404755292     -0.653799193      0.000233884
    -0.549697102     -0.812198963      0.000233241
    -1.531998382     -0.974160322      0.000236454
    -2.474425033     -1.131565443      0.000231956
    -3.307674186     -1.294878060      0.000224888
    -3.950359398     -1.450713460      0.000237739
    -4.330925702     -1.616504346      0.000236454
    -4.425312617     -1.768223648      0.000237097
    -4.262830802     -1.940752188      0.000236454
    -3.906089810     -1.917180036      0.000234526
    -3.427074466     -1.740327215      0.000238382
    -2.896616881     -1.589575576      0.000239024
    -2.410408965     -1.423326560      0.000240309
    -2.074277382     -1.267748175      0.000239667
    -1.937297261     -1.104278779      0.000240309
    -1.984021987     -0.946981604      0.000237097
    -2.162810133     -0.784905231      0.000237097
    -2.408638130     -0.626589633      0.000240952
    -2.655076540     -0.465362053      0.000246735
    -2.840270790     -0.306188667      0.000243522
    -2.911008449     -0.145737915      0.000239667
    -2.824063410      0.014061303      0.000239667
    -2.548284142      0.173942124      0.000235169
    -2.066505884      0.334372957      0.000236454
    -1.384553243      0.493581682      0.000237739
    -0.536885536      0.654634492      0.000236454
     0.417086883      0.813078598      0.000241594
     1.407192429      0.974982128      0.000237739
     2.362695373      1.132340344      0.000237097
     3.215760400      1.295419719      0.000239667
     3.887436930      1.451073282      0.000232599
     4.301259719      1.616836538      0.000230029
     4.428953880      1.768397776      0.000239024
     4.298615675      1.940860134      0.000240309
     3.972443432      1.917253286      0.000233241
     3.524332241      1.740524474      0.000237097
     3.023660151      1.589899415      0.000231956
     2.556057568      1.423778907      0.000240309
     2.222101618      1.268357943      0.000228744
     2.079141395      1.105077454      0.000235811
     2.119133607      0.947830397      0.000233241
     2.288854256      0.785824060      0.000234526
     2.518943284      0.627441639      0.000228744
     2.740265522      0.466327788      0.000233241
     2.891809411      0.307204520      0.000234526
     2.923091377      0.146706862      0.000230029
     2.794980851     -0.013114845      0.000230029
     2.480175107     -0.172965466      0.000231956
     1.966724219     -0.333379593      0.000241594
     1.263123186     -0.492614020      0.000231314
     0.405029013     -0.653759356      0.000234526
    -0.549382901     -0.812074953      0.000236454
    -1.531706027     -0.974133978      0.000231956
    -2.474088343     -1.131535887      0.000230671
    -3.307300229     -1.294782964      0.000232599
    -3.950054193     -1.450619650      0.000226816
    -4.330731013     -1.616434952      0.000229386
    -4.425218164     -1.768158752      0.000239667
    -4.262807671     -1.940734197      0.000231314
    -3.906171412     -1.917252643      0.000235169
    -3.427155426     -1.740394682      0.000236454
    -2.896544917     -1.589628906      0.000236454
    -2.410202711     -1.423342624      0.000228744
    -2.074008801     -1.267787369      0.000240952
    -1.937064019     -1.104365522      0.000240952
    -1.983885769     -0.947068989      0.000236454
    -2.162816558     -0.784949566      0.000237097
    -2.408656764     -0.626630756      0.000236454
    -2.655059834     -0.465435945      0.000231314
    -2.840291351     -0.306277337      0.000235169
    -2.911129246     -0.145816305      0.000237097
    -2.824207338      0.013992552      0.000242237
    -2.548427428      0.173877870      0.000240309
    -2.066722419      0.334301635      0.000237739
    -1.384900856      0.493498795      0.000239024
    -0.537298045      0.654534899      0.000237097
     0.416750835      0.813005991      0.000241594
     1.406931559      0.974892815      0.000244807
     2.362453779      1.132225330      0.000234526
     3.215494390      1.295346470      0.000237739
     3.887201761      1.450947344      0.000235811
     4.301201891      1.616753008      0.000238382
     4.429077247      1.768258988      0.000233241
     4.298782092      1.940775962      0.000233241
     3.972572582      1.917304689      0.000231956
     3.524398422      1.740582303      0.000231956
     3.023686495      1.590020854      0.000232599
     2.556070418      1.423845088      0.000235169
     2.222179365      1.268420912      0.000231956
     2.079179305      1.105096087      0.000231314
     2.119065498      0.947871519      0.000235169
     2.288727676      0.785861970      0.000231956
     2.518777509      0.627505250      0.000230671
     2.740107458      0.466382403      0.000237739
     2.891658415      0.307251425      0.000235811
     2.923074671      0.146755053      0.000242237
     2.795118355     -0.013071152      0.000235169
     2.480294619     -0.172899284      0.000235811
     1.966832166     -0.333294778      0.000224888
     1.263257476     -0.492550409      0.000231314
     0.405162661     -0.653649482      0.000235169
    -0.549220982     -0.812024193      0.000235811
    -1.531467003     -0.974042737      0.000235811
    -2.473824903     -1.131424085      0.000231314
    -3.307052209     -1.294742484      0.000238382
    -3.949842798     -1.450543188      0.000234526
    -4.330629492     -1.616409250      0.000230671
    -4.425230372     -1.768149114      0.000236454
    -4.262888631     -1.940701427      0.000235169
    -3.906314056     -1.917297621      0.000234526
    -3.427299354     -1.740444800      0.000236454
    -2.896525640     -1.589676454      0.000236454
    -2.409972039     -1.423434507      0.000235169
    -2.073717731     -1.267872827      0.000233884
    -1.936881539     -1.104405359      0.000230029
    -1.983802881     -0.947088265      0.000230029
    -2.162730458     -0.784999042      0.000241594
    -2.408628492     -0.626676376      0.000236454
    -2.655117019     -0.465461646      0.000230671
    -2.840356890     -0.306321030      0.000239024
    -2.911102902     -0.145851002      0.000236454
    -2.824080758      0.013957212      0.000233241
    -2.548354179      0.173838675      0.000238382
    -2.066755189      0.334247019      0.000235169
    -1.384907924      0.493415265      0.000247377
    -0.537254353      0.654450084      0.000235811
     0.416689152      0.812917963      0.000240952
     1.406688679      0.974803503      0.000230671
     2.362150501      1.132160434      0.000233884
     3.215229664      1.295286714      0.000247377
     3.887019923      1.450916502      0.000235169
     4.301052822      1.616634139      0.000237097
     4.429009138      1.768173530      0.000234526
     4.298858554      1.940612757      0.000240309
     3.972767913      1.917239792      0.000237097
     3.524717764      1.740519334      0.000224888
     3.024082941      1.589937967      0.000236454
     2.556605653      1.423800753      0.000230671
     2.222787849      1.268432478      0.000236454
     2.079857183      1.105135282      0.000233241
     2.119729240      0.947903646      0.000236454
     2.289265480      0.785904378      0.000235811
     2.519173955      0.627561151      0.000224888
     2.740416518      0.466469146      0.000226816
     2.891964263      0.307319534      0.000221676
     2.923309840      0.146827660      0.000229386
     2.795225016     -0.012989550      0.000222961
     2.480489308     -0.172842741      0.000228744
     1.967143154     -0.333258153      0.000233884
     1.263709823     -0.492486798      0.000226173
     0.405696610     -0.653603861      0.000226816
    -0.548633059     -0.812015840      0.000229386
    -1.530864302     -0.974017678      0.000238382
    -2.473380266     -1.131423442      0.000231314
    -3.306903141     -1.294701362      0.000233884
    -3.949884562     -1.450495640      0.000238382
    -4.330710452     -1.616296806      0.000229386
    -4.425329965     -1.768000045      0.000231956
    -4.263142433     -1.940608902      0.000230029
    -3.906711144     -1.917343884      0.000232599
    -3.427738850     -1.740478212      0.000240952
    -2.896917589     -1.589698300      0.000233884
    -2.410284956     -1.423431937      0.000239024
    -2.073886076     -1.267853551      0.000235811
    -1.936923304     -1.104457405      0.000240309
    -1.983789388     -0.947130030      0.000237739
    -2.162700258     -0.785054300      0.000237739
    -2.408551388     -0.626758621      0.000242237
    -2.655021924     -0.465561882      0.000237739
    -2.840333116     -0.306376288      0.000237739
    -2.911258396     -0.145923609      0.000242237
    -2.824481059      0.013869827      0.000232599
    -2.548850861      0.173786629      0.000237739
    -2.067277572      0.334206539      0.000240309
    -1.385522833      0.493406270      0.000245450
    -0.537926447      0.654444944      0.000239024
     0.416191827      0.812876198      0.000238382
     1.406388614      0.974779729      0.000239024
     2.361932038      1.132111601      0.000238382
     3.215002205      1.295281574      0.000233884
     3.886817523      1.450874738      0.000242879
     4.300986640      1.616624501      0.000242237
     4.429115157      1.768176743      0.000241594
     4.299071877      1.940690504      0.000237739
     3.973062196      1.917420346      0.000238382
     3.525046743      1.740719163      0.000230029
     3.024370798      1.590099887      0.000234526
     2.556665409      1.423881713      0.000233241
     2.222624644      1.268558415      0.000234526
     2.079559687      1.105207889      0.000231956
     2.119437528      0.947991031      0.000233241
     2.289071434      0.785980840      0.000233241
     2.519071791      0.627623477      0.000231314
     2.740412663      0.466510911      0.000233884
     2.891974543      0.307372222      0.000234526
     2.923390157      0.146894484      0.000231314
     2.795462755     -0.012951640      0.000227458
     2.480907600     -0.172790695      0.000236454
     1.967722081     -0.333193899      0.000232599
     1.264229636     -0.492444390      0.000231314
     0.406143174     -0.653538322      0.000229386
    -0.548302152     -0.811934237      0.000233241
    -1.530617567     -0.973946999      0.000231314
    -2.473051287     -1.131333487      0.000231314
    -3.306409029     -1.294662809      0.000224246
    -3.949421935     -1.450427531      0.000226816
    -4.330468857     -1.616305159      0.000237739
    -4.425310047     -1.768059158      0.000237739
    -4.263238171     -1.940592196      0.000237097
    -3.906791462     -1.917437694      0.000230029
    -3.427830091     -1.740544393      0.000239024
    -2.897073725     -1.589790826      0.000236454
    -2.410340214     -1.423549521      0.000239024
    -2.073720944     -1.268000692      0.000231956
    -1.936606532     -1.104539649      0.000231956
    -1.983442417     -0.947233479      0.000245450
    -2.162445171     -0.785108916      0.000245450
    -2.408426093     -0.626836368      0.000239667
    -2.655010358     -0.465590154      0.000240952
    -2.840377451     -0.306446967      0.000235811
    -2.911280885     -0.145982080      0.000244164
    -2.824477847      0.013838342      0.000235811
    -2.548945314      0.173723018      0.000233241
    -2.067548723      0.334169915      0.000240952
    -1.385912853      0.493345871      0.000237739
    -0.538421202      0.654374907      0.000236454
     0.415674584      0.812822868      0.000238382
     1.406020440      0.974706479      0.000244807
     2.361621692      1.132065980      0.000240309
     3.214639814      1.295226958      0.000236454
     3.886518101      1.450859317      0.000240952
     4.300755969      1.616616148      0.000240309
     4.428870993      1.768167747      0.000242237
     4.298794301      1.940630748      0.000241594
     3.972788475      1.917490382      0.000239024
     3.524878398      1.740776992      0.000235169
     3.024281485      1.590153860      0.000225531
     2.556605653      1.423960103      0.000231314
     2.222541757      1.268580261      0.000232599
     2.079423469      1.105258650      0.000233884
     2.119177300      0.948069421      0.000230671
     2.288638363      0.786081076      0.000231956
     2.518575752      0.627697369      0.000228101
     2.739991801      0.466579020      0.000233884
     2.891765718      0.307444829      0.000231956
     2.923347750      0.146966448      0.000231956
     2.795505805     -0.012875178      0.000231956
     2.480905030     -0.172738007      0.000231956
     1.967580723     -0.333148922      0.000237097
     1.264112052     -0.492367928      0.000226816
     0.406129681     -0.653510693      0.000236454
    -0.548106178     -0.811875767      0.000231956
    -1.530288588     -0.973882746      0.000233884
    -2.472783991     -1.131304573      0.000237097
    -3.306267670     -1.294586347      0.000235169
    -3.949362179     -1.450377413      0.000231956
    -4.330410386     -1.616188860      0.000237739
    -4.425292698     -1.767975628      0.000240309
    -4.263286362     -1.940567780      0.000231314
    -3.906903906     -1.917474319      0.000228744
    -3.427990083     -1.740624710      0.000254445
    -2.897184885     -1.589852509      0.000235811
    -2.410385834     -1.423588073      0.000239024
    -2.073839813     -1.268003262      0.000237097
    -1.936815357     -1.104559568      0.000237097
    -1.983660880     -0.947225126      0.000235169
    -2.162492719     -0.785145540      0.000239667
    -2.408234617     -0.626847291      0.000239667
    -2.654604274     -0.465638987      0.000235169
    -2.839876271     -0.306506081      0.000237097
    -2.910867090     -0.146048261      0.000236454
    -2.824166858      0.013767021      0.000239667
    -2.548712715      0.173640773      0.000237739
    -2.067449130      0.334076104      0.000235169
    -1.386053569      0.493264911      0.000239024
    -0.538612678      0.654304870      0.000242237
     0.415524230      0.812757971      0.000237739
     1.405780773      0.974670497      0.000240952
     2.361191192      1.132008795      0.000238382
     3.214103295      1.295167202      0.000240309
     3.886029129      1.450761008      0.000239667
     4.300466185      1.616511414      0.000237739
     4.428840793      1.768028959      0.000240952
     4.298986419      1.940619825      0.000239024
     3.973062196      1.917598971      0.000238382
     3.525137984      1.740829680      0.000229386
     3.024586048      1.590258594      0.000235169
     2.556948125      1.424113027      0.000228744
     2.222749296      1.268700416      0.000226816
     2.079444031      1.105398723      0.000235811
     2.119078991      0.948171585      0.000230029
     2.288500860      0.786152397      0.000224888
     2.518404837      0.627780899      0.000237097
     2.739844017      0.466647772      0.000233884
     2.891660342      0.307489806      0.000230029
     2.923298917      0.147013353      0.000234526
     2.795532792     -0.012826988      0.000235811
     2.480980207     -0.172689817      0.000231314
     1.967717583     -0.333098804      0.000233241
     1.264230279     -0.492306887      0.000226816
     0.406193292     -0.653434874      0.000232599
    -0.548165292     -0.811851350      0.000235169
    -1.530368263     -0.973840981      0.000233241
    -2.472772425     -1.131262808      0.000230029
    -3.306263815     -1.294570926      0.000228744
    -3.949412297     -1.450385123      0.000226173
    -4.330448296     -1.616232553      0.000234526
    -4.425227159     -1.767969203      0.000231314
    -4.263150144     -1.940589626      0.000236454
    -3.906813308     -1.917565559      0.000242237
    -3.427882779     -1.740757716      0.000244807
    -2.897082721     -1.589979089      0.000240952
    -2.410194358     -1.423630481      0.000230029
    -2.073538463     -1.268099643      0.000242237
    -1.936379716     -1.104629605      0.000240309
    -1.983110868     -0.947329217      0.000235811
    -2.162032019     -0.785246419      0.000237739
    -2.408018724     -0.626937246      0.000240952
    -2.654683306     -0.465714164      0.000240309
    -2.840104373     -0.306576117      0.000241594
    -2.911111897     -0.146097094      0.000236454
    -2.824463711      0.013716260      0.000234526
    -2.548997359      0.173606076      0.000244807
    -2.067645746      0.334031126      0.000237097
    -1.386156375      0.493216078      0.000243522
    -0.538811865      0.654281739      0.000237739
     0.415059032      0.812741908      0.000233241
     1.405118959      0.974631945      0.000244164
     2.360533875      1.131969600      0.000239667
     3.213632314      1.295099093      0.000235169
     3.885752195      1.450711533      0.000235169
     4.300306193      1.616514627      0.000235169
     4.428708431      1.768003258      0.000233241
     4.298853414      1.940511236      0.000236454
     3.972935616      1.917607967      0.000223603
     3.525033892      1.740909355      0.000227458
     3.024561632      1.590329273      0.000235169
     2.556976397      1.424093751      0.000230029
     2.222796844      1.268740253      0.000226816
     2.079433107      1.105419927      0.000230671
     2.118973615      0.948191503      0.000233884
     2.288289465      0.786194162      0.000230671
     2.518054653      0.627824591      0.000230029
     2.739374322      0.466696604      0.000229386
     2.891165588      0.307576549      0.000231956
     2.922882552      0.147086602      0.000230671
     2.795267423     -0.012743458      0.000231956
     2.480991772     -0.172609500      0.000234526
     1.967970101     -0.332997283      0.000232599
     1.264768083     -0.492218859      0.000233241
     0.406946347     -0.653334638      0.000234526
    -0.547175783     -0.811745974      0.000230671
    -1.529259884     -0.973750383      0.000232599
    -2.471695532     -1.131160002      0.000225531
    -3.305319927     -1.294416075      0.000228101
    -3.948674663     -1.450208426      0.000233884
    -4.329986311     -1.616100832      0.000235811
    -4.425096081     -1.767804071      0.000228101
    -4.263252950     -1.940459833      0.000230671
    -3.906972657     -1.917575197      0.000242879
    -3.428006788     -1.740730087      0.000235811
    -2.897143762     -1.589939252      0.000235169
    -2.410155805     -1.423622128      0.000238382
    -2.073422806     -1.268097073      0.000237097
    -1.936339879     -1.104658519      0.000233241
    -1.983226525     -0.947373552      0.000235169
    -2.162250482     -0.785291396      0.000236454
    -2.408140806     -0.626979011      0.000236454
    -2.654636401     -0.465736010      0.000233241
    -2.840020843     -0.306576760      0.000237097
    -2.911045073     -0.146140786      0.000240309
    -2.824321710      0.013649436      0.000239024
    -2.548834155      0.173535397      0.000241594
    -2.067641249      0.333959162      0.000237739
    -1.386403110      0.493147327      0.000232599
    -0.539283488      0.654176363      0.000237097
     0.414474965      0.812626894      0.000240309
     1.404603001      0.974562551      0.000237739
     2.360143855      1.131825029      0.000235811
     3.213325824      1.295058613      0.000241594
     3.885553008      1.450671053      0.000235811
     4.300273423      1.616428527      0.000233241
     4.428905690      1.767919728      0.000235169
     4.299193959      1.940448267      0.000234526
     3.973399528      1.917616962      0.000226816
     3.525493950      1.740942767      0.000224888
     3.024875190      1.590306141      0.000231956
     2.557127393      1.424163787      0.000230029
     2.222832184      1.268759530      0.000224246
     2.079406121      1.105459121      0.000240309
     2.118933778      0.948236481      0.000227458
     2.288333157      0.786234642      0.000228101
     2.518236492      0.627868927      0.000233884
     2.739560658      0.466740297      0.000235169
     2.891348711      0.307626024      0.000224246
     2.923020698      0.147132223      0.000233241
     2.795270636     -0.012709403      0.000233241
     2.480961573     -0.172529825      0.000227458
     1.968035640     -0.332950377      0.000234526
     1.264859324     -0.492177737      0.000237739
     0.407006745     -0.653296086      0.000227458
    -0.547177068     -0.811678507      0.000230671
    -1.529359478     -0.973686129      0.000227458
    -2.471935198     -1.131122735      0.000231314
    -3.305600716     -1.294407079      0.000236454
    -3.948943244     -1.450195575      0.000231956
    -4.330249752     -1.616027583      0.000231956
    -4.425281132     -1.767752668      0.000230029
    -4.263385955     -1.940391082      0.000228101
    -3.907204614     -1.917634311      0.000231956
    -3.428494475     -1.740793055      0.000233241
    -2.897819712     -1.589954673      0.000233241
    -2.410776497     -1.423716581      0.000235811
    -2.073889289     -1.268174177      0.000235169
    -1.936733112     -1.104724700      0.000235811
    -1.983593414     -0.947415317      0.000233241
    -2.162518420     -0.785347940      0.000225531
    -2.408378545     -0.627032342      0.000226816
    -2.654896629     -0.465850382      0.000240309
    -2.840176337     -0.306693702      0.000234526
    -2.911084911     -0.146223031      0.000242879
    -2.824522182      0.013590965      0.000235811
    -2.549325054      0.173475641      0.000230671
    -2.068208610      0.333903904      0.000235169
    -1.386897864      0.493101064      0.000237739
    -0.539688929      0.654142951      0.000233884
     0.414171687      0.812593482      0.000232599
     1.404399959      0.974474523      0.000240309
     2.360011492      1.131838522      0.000236454
     3.213199244      1.294996929      0.000238382
     3.885402654      1.450610012      0.000233241
     4.300177685      1.616413106      0.000234526
     4.428847219      1.767894669      0.000237739
     4.299157335      1.940412285      0.000228744
     3.973397601      1.917663225      0.000232599
     3.525551778      1.741012803      0.000229386
     3.025013978      1.590387744      0.000224888
     2.557275177      1.424177281      0.000228744
     2.222929850      1.268870689      0.000229386
     2.079540411      1.105506027      0.000226816
     2.119113046      0.948294952      0.000230029
     2.288466805      0.786276407      0.000226173
     2.518337370      0.627904909      0.000220391
     2.739750849      0.466803266      0.000230671
     2.891624360      0.307686423      0.000231956
     2.923217957      0.147173988      0.000230671
     2.795472393     -0.012649647      0.000229386
     2.481225656     -0.172497698      0.000229386
     1.968376185     -0.332902830      0.000232599
     1.265256412     -0.492133402      0.000225531
     0.407426965     -0.653251108      0.000226173
    -0.546779979     -0.811680435      0.000230029
    -1.528969457     -0.973640509      0.000230029
    -2.471511766     -1.131034707      0.000231956
    -3.305186921     -1.294310699      0.000226173
    -3.948568002     -1.450145457      0.000227458
    -4.329927840     -1.615935700      0.000226173
    -4.425133349     -1.767670423      0.000233884
    -4.263420010     -1.940373091      0.000231956
    -3.907254732     -1.917691497      0.000233884
    -3.428563226     -1.740815544      0.000236454
    -2.897988057     -1.590030493      0.000239667
    -2.411059214     -1.423796256      0.000235811
    -2.074056991     -1.268244857      0.000236454
    -1.936577618     -1.104792809      0.000237739
    -1.983151990     -0.947467363      0.000235811
    -2.161992182     -0.785412194      0.000239667
    -2.407866442     -0.627086315      0.000232599
    -2.654448780     -0.465875441      0.000234526
    -2.839952091     -0.306716833      0.000240309
    -2.911120250     -0.146266081      0.000234526
    -2.824614065      0.013538920      0.000233884
    -2.549406656      0.173431306      0.000242237
    -2.068394946      0.333867279      0.000239024
    -1.387142029      0.493038095      0.000236454
    -0.539961365      0.654070987      0.000242237
     0.413814436      0.812541436      0.000238382
     1.403942472      0.974426975      0.000239024
     2.359568141      1.131781336      0.000239667
     3.212796372      1.294899906      0.000233884
     3.885194472      1.450516844      0.000240952
     4.300179613      1.616317368      0.000244807
     4.429014279      1.767823347      0.000237739
     4.299525509      1.940380158      0.000236454
     3.973871151      1.917708845      0.000239024
     3.526028541      1.741039790      0.000225531
     3.025492669      1.590471916      0.000235811
     2.557751298      1.424298720      0.000240952
     2.223261399      1.268879042      0.000227458
     2.079598882      1.105598552      0.000230029
     2.118906149      0.948374627      0.000230029
     2.288191799      0.786350942      0.000228744
     2.518134971      0.627973660      0.000231956
     2.739583789      0.466870090      0.000231956
     2.891470151      0.307737184      0.000233241
     2.923029051      0.147253662      0.000228744
     2.795125422     -0.012571257      0.000231956
     2.480967999     -0.172413526      0.000234526
     1.968315144     -0.332836006      0.000231314
     1.265371426     -0.492035736      0.000224888
     0.407736026     -0.653168221      0.000229386
    -0.546290365     -0.811529438      0.000226816
    -1.528409164     -0.973528707      0.000229386
    -2.470961753     -1.130933828      0.000228744
    -3.304628556     -1.294234236      0.000228744
    -3.948172841     -1.450010524      0.000221676
    -4.329780699     -1.615836749      0.000230029
    -4.425205956     -1.767525209      0.000232599
    -4.263614699     -1.940224664      0.000238382
    -3.907620336     -1.917633668      0.000236454
    -3.428986017     -1.740844458      0.000230029
    -2.898310611     -1.590105669      0.000233884
    -2.411190292     -1.423831595      0.000231956
    -2.074188712     -1.268251282      0.000245450
    -1.936851982     -1.104814013      0.000235811
    -1.983446915     -0.947542540      0.000231956
    -2.162178518     -0.785440465      0.000239024
    -2.407960253     -0.627150569      0.000244807
    -2.654544518     -0.465948048      0.000246092
    -2.840054255     -0.306791368      0.000241594
    -2.911169726     -0.146313629      0.000237739
    -2.824600571      0.013474666      0.000240952
    -2.549407941      0.173386328      0.000235811
    -2.068434141      0.333824872      0.000240309
    -1.387284672      0.492968701      0.000245450
    -0.540203602      0.654006090      0.000236454
     0.413551638      0.812479110      0.000244807
     1.403755493      0.974383925      0.000235811
     2.359435135      1.131706159      0.000244164
     3.212827214      1.294850430      0.000242237
     3.885301776      1.450476364      0.000242237
     4.300209169      1.616260824      0.000239024
     4.428977011      1.767739817      0.000239667
     4.299530649      1.940303054      0.000237097
     3.974058130      1.917802656      0.000233884
     3.526364589      1.741111754      0.000228744
     3.025812011      1.590544523      0.000229386
     2.557936991      1.424318639      0.000234526
     2.223424604      1.268943938      0.000237739
     2.079729317      1.105626181      0.000235811
     2.118969760      0.948438238      0.000228101
     2.288178948      0.786432544      0.000229386
     2.518091278      0.628042412      0.000232599
     2.739565156      0.466938199      0.000224888
     2.891512558      0.307821999      0.000228744
     2.923168482      0.147315989      0.000235811
     2.795340673     -0.012522424      0.000220391
     2.481227584     -0.172366620      0.000226816
     1.968708377     -0.332771109      0.000235169
     1.265898308     -0.491995256      0.000228101
     0.408282183     -0.653123885      0.000230671
    -0.545757059     -0.811526226      0.000231314
    -1.527928545     -0.973528707      0.000231956
    -2.470648195     -1.130935756      0.000230671
    -3.304586791     -1.294232951      0.000232599
    -3.948333476     -1.450008596      0.000226816
    -4.329968320     -1.615865021      0.000229386
    -4.425301051     -1.767464811      0.000231314
    -4.263596065     -1.940102582      0.000229386
    -3.907484118     -1.917758321      0.000240952
    -3.428815101     -1.740942124      0.000236454
    -2.898261778     -1.590124303      0.000237097
    -2.411341931     -1.423860509      0.000235811
    -2.074456650     -1.268347663      0.000244807
    -1.937134699     -1.104977218      0.000235811
    -1.983711641     -0.947636993      0.000235811
    -2.162393768     -0.785533633      0.000247377
    -2.408129883     -0.627223176      0.000242237
    -2.654610699     -0.466018727      0.000235811
    -2.839978435     -0.306854979      0.000229386
    -2.911123463     -0.146406797      0.000233884
    -2.824768274      0.013408484      0.000239667
    -2.549692585      0.173304083      0.000235169
    -2.068720070      0.333736844      0.000235811
    -1.387575742      0.492908945      0.000235169
    -0.540465115      0.653944407      0.000235811
     0.413299121      0.812383372      0.000231956
     1.403416876      0.974311318      0.000234526
     2.359071459      1.131695879      0.000239667
     3.212550280      1.294779109      0.000237739
     3.885132788      1.450313802      0.000235169
     4.300251577      1.616132317      0.000237097
     4.429228886      1.767642151      0.000230671
     4.299840353      1.940242013      0.000234526
     3.974259244      1.917754465      0.000235169
     3.526423060      1.741121392      0.000222961
     3.025779884      1.590581790      0.000226816
     2.557893299      1.424311571      0.000227458
     2.223424604      1.269004979      0.000226816
     2.079744738      1.105705856      0.000232599
     2.118953054      0.948474863      0.000239024
     2.288105056      0.786442825      0.000231314
     2.517960200      0.628102810      0.000233884
     2.739404521      0.466958760      0.000233884
     2.891334575      0.307863764      0.000233241
     2.922993711      0.147358396      0.000228101
     2.795140843     -0.012462668      0.000236454
     2.481057311     -0.172328711      0.000235169
     1.968621634     -0.332726774      0.000226173
     1.265906661     -0.491964414      0.000235811
     0.408388202     -0.653088546      0.000236454
    -0.545660678     -0.811484461      0.000237097
    -1.527823169     -0.973514571      0.000230029
    -2.470391179     -1.130884353      0.000237097
    -3.304256526     -1.294172553      0.000230671
    -3.948018632     -1.449982895      0.000233884
    -4.329842383     -1.615853455      0.000233884
    -4.425351169     -1.767491155      0.000238382
    -4.263756700     -1.940258076      0.000233241
    -3.907714789     -1.917845063      0.000235169
    -3.429069546     -1.741048143      0.000237097
    -2.898483454     -1.590259236      0.000236454
    -2.411331650     -1.423951107      0.000232599
    -2.074179074     -1.268397781      0.000235811
    -1.936634161     -1.104944448      0.000229386
    -1.983146207     -0.947640206      0.000237739
    -2.161933068     -0.785583109      0.000232599
    -2.407834958     -0.627289357      0.000239024
    -2.654502110     -0.466081696      0.000240952
    -2.840063893     -0.306925658      0.000239667
    -2.911329075     -0.146454988      0.000238382
    -2.825000230      0.013336520      0.000235811
    -2.550022207      0.173234689      0.000241594
    -2.069232816      0.333654599      0.000237739
    -1.388202217      0.492821560      0.000235811
    -0.541177047      0.653898786      0.000236454
     0.412566627      0.812310765      0.000242237
     1.402909271      0.974224576      0.000238382
     2.358856208      1.131557090      0.000240952
     3.212411492      1.294702647      0.000240309
     3.884913683      1.450275249      0.000236454
     4.299874407      1.616072561      0.000238382
     4.428780395      1.767539345      0.000242237
     4.299555066      1.940191252      0.000234526
     3.974189208      1.917821932      0.000229386
     3.526521368      1.741158659      0.000233884
     3.025969433      1.590548378      0.000231314
     2.558116902      1.424321852      0.000236454
     2.223635356      1.268999839      0.000238382
     2.079981835      1.105704571      0.000231956
     2.119241554      0.948501849      0.000229386
     2.288415402      0.786485232      0.000236454
     2.518239062      0.628119516      0.000231956
     2.739570938      0.467030082      0.000234526
     2.891354494      0.307921592      0.000233241
     2.922878054      0.147418795      0.000225531
     2.795016191     -0.012410623      0.000227458
     2.481046388     -0.172261887      0.000234526
     1.968818251     -0.332659950      0.000233241
     1.266294111     -0.491868033      0.000227458
     0.408875246     -0.652988952      0.000233241
    -0.545204476     -0.811374587      0.000231314
    -1.527532099     -0.973406625      0.000232599
    -2.470307007     -1.130795040      0.000236454
    -3.304274517     -1.294083240      0.000234526
    -3.948207538     -1.449874306      0.000224888
    -4.330132167     -1.615744224      0.000230029
    -4.425781670     -1.767414693      0.000230671
    -4.264463491     -1.940094229      0.000233884
    -3.908591211     -1.917862412      0.000236454
    -3.429943398     -1.741069989      0.000237739
    -2.899219803     -1.590278512      0.000237739
    -2.411967120     -1.423986447      0.000239024
    -2.074684751     -1.268489664      0.000243522
    -1.937078155     -1.105043399      0.000237739
    -1.983545866     -0.947696106      0.000244164
    -2.162250482     -0.785618448      0.000241594
    -2.407985954     -0.627300923      0.000231956
    -2.654452635     -0.466111895      0.000237097
    -2.839855068     -0.306982201      0.000237097
    -2.911029010     -0.146525667      0.000234526
    -2.824741930      0.013287687      0.000237739
    -2.549903338      0.173167865      0.000239024
    -2.069260445      0.333585205      0.000240309
    -1.388350000      0.492767587      0.000240309
    -0.541319048      0.653824894      0.000241594
     0.412445188      0.812297271      0.000237097
     1.402598282      0.974177670      0.000239024
     2.358267643      1.131560946      0.000239667
     3.211905172      1.294712285      0.000236454
     3.884753048      1.450306091      0.000236454
     4.300051105      1.616104687      0.000231956
     4.429246877      1.767613237      0.000237739
     4.300153911      1.940157840      0.000237097
     3.974752071      1.917968431      0.000231956
     3.526936448      1.741304516      0.000235811
     3.026298412      1.590647972      0.000234526
     2.558334723      1.424501762      0.000231314
     2.223627003      1.269117423      0.000224888
     2.079743453      1.105752761      0.000231956
     2.118903579      0.948541687      0.000240952
     2.288117265      0.786522499      0.000230671
     2.518007748      0.628189553      0.000231314
     2.739473915      0.467082770      0.000226816
     2.891417463      0.307951149      0.000237097
     2.923005919      0.147470840      0.000239024
     2.795141486     -0.012349582      0.000228744
     2.481165900     -0.172202773      0.000229386
     1.968934550     -0.332593126      0.000237097
     1.266461171     -0.491809562      0.000230029
     0.409112343     -0.652933052      0.000238382
    -0.544819596     -0.811294912      0.000239024
    -1.526901770     -0.973278760      0.000229386
    -2.469487771     -1.130638903      0.000230671
    -3.303498974     -1.293941882      0.000235811
    -3.947501389     -1.449751581      0.000235169
    -4.329564164     -1.615589372      0.000231314
    -4.425384581     -1.767254701      0.000229386
    -4.264154431     -1.940031260      0.000229386
    -3.908328413     -1.917869480      0.000231314
    -3.429832239     -1.741104686      0.000237739
    -2.899296265     -1.590319635      0.000239667
    -2.412193294     -1.424080900      0.000242879
    -2.074998310     -1.268514723      0.000233241
    -1.937281840     -1.105076811      0.000237739
    -1.983480327     -0.947787989      0.000235811
    -2.161903511     -0.785677562      0.000239024
    -2.407660187     -0.627384453      0.000234526
    -2.654365250     -0.466163940      0.000242879
    -2.839981648     -0.307030392      0.000236454
    -2.911343211     -0.146580282      0.000236454
    -2.825192991      0.013196447      0.000235169
    -2.550346047      0.173090761      0.000240309
    -2.069624121      0.333540227      0.000232599
    -1.388691188      0.492730319      0.000233241
    -0.541761757      0.653785057      0.000244807
