-1.327149529999999966e-01
-1.303317800000000082e-01
-1.263165589999999949e-01
-1.214107809999999954e-01
-1.158425460000000046e-01
-1.101445189999999963e-01
-1.044734779999999946e-01
-9.889431999999999390e-02
-9.345138000000000056e-02
-8.827959100000000447e-02
-8.306732199999999899e-02
-7.767064499999999649e-02
-7.200731400000000282e-02
-6.608632600000000079e-02
-6.019939199999999740e-02
-5.451678499999999816e-02
-4.899609800000000182e-02
-4.353323900000000135e-02
-3.804917700000000347e-02
-3.265892499999999837e-02
-2.734899000000000011e-02
-2.196644899999999900e-02
-1.632817699999999927e-02
-1.050999499999999941e-02
-4.591577000000000332e-03
1.408443000000000108e-03
7.251684999999999902e-03
1.260402700000000029e-02
1.789597000000000063e-02
2.344942699999999838e-02
2.916223299999999921e-02
3.482427800000000018e-02
4.043556300000000076e-02
4.617278600000000038e-02
5.209377400000000241e-02
5.811628299999999775e-02
6.411823199999999723e-02
6.980083800000000394e-02
7.507864599999999888e-02
8.020095900000000222e-02
8.555844199999999844e-02
9.120249599999999401e-02
9.697313100000000408e-02
1.029827890000000051e-01
1.091055350000000035e-01
1.147977790000000026e-01
1.202522850000000004e-01
1.256361109999999948e-01
1.304635000000000100e-01
1.329199229999999954e-01
