1.933397696999999971e+00
1.848250479999999918e+00
1.770816932000000010e+00
1.689213311999999911e+00
1.610381601000000051e+00
1.529595288999999969e+00
1.450315728999999942e+00
1.369821130000000053e+00
1.290298691000000053e+00
1.210020627000000015e+00
1.130377390000000037e+00
1.050122457999999925e+00
9.704586600000000285e-01
8.903463710000000253e-01
8.105373599999999845e-01
7.304482020000000464e-01
6.505762219999999818e-01
5.705191910000000366e-01
4.906626319999999875e-01
4.106088139999999886e-01
3.307220550000000148e-01
2.506637389999999965e-01
1.707165830000000051e-01
9.068075500000000178e-02
1.072653099999999922e-02
-6.932343200000000427e-02
-1.491902720000000127e-01
-2.292755750000000092e-01
-3.091886770000000229e-01
-3.892444230000000061e-01
-4.691742309999999971e-01
-5.492775250000000442e-01
-6.291745640000000472e-01
-7.092187439999999565e-01
-7.890470309999999543e-01
-8.691329770000000288e-01
-9.490088119999999794e-01
-1.029160295999999919e+00
-1.108905696000000107e+00
-1.189093804000000087e+00
-1.268857837999999960e+00
-1.349171883999999988e+00
-1.428865237999999982e+00
-1.509266669999999921e+00
-1.588857218000000016e+00
-1.669414785999999928e+00
-1.748912165999999990e+00
-1.829494151000000013e+00
-1.909432954999999987e+00
-1.981508378000000015e+00
