1.579778155000000073e+00
1.562000411999999949e+00
1.614565165999999996e+00
1.719893861999999940e+00
1.858376880000000009e+00
2.013958478000000163e+00
2.176014289999999907e+00
2.337646026999999904e+00
2.494235767000000159e+00
2.641674479999999825e+00
2.775633388000000146e+00
2.891274177000000112e+00
2.983053030000000216e+00
3.044961573000000143e+00
3.070760760999999839e+00
3.054784052000000028e+00
2.991569871999999908e+00
2.876494516000000168e+00
2.704936208999999980e+00
2.472313653000000055e+00
2.177379682999999844e+00
1.823736366999999969e+00
1.417637527999999980e+00
9.657726300000000208e-01
4.753528770000000070e-01
-4.425352500000000189e-02
-5.816974259999999619e-01
-1.125464543999999956e+00
-1.663988551999999954e+00
-2.184687268999999876e+00
-2.672608191000000133e+00
-3.108287554999999980e+00
-3.472928553000000029e+00
-3.755467963000000076e+00
-3.952537602000000039e+00
-4.065430898999999876e+00
-4.099129450000000396e+00
-4.061473506999999650e+00
-3.962520716000000220e+00
-3.813216071999999901e+00
-3.625118191999999961e+00
-3.409621204000000017e+00
-3.177129725999999987e+00
-2.936945140000000176e+00
-2.696641041999999988e+00
-2.462350457999999964e+00
-2.238639904999999874e+00
-2.028491403999999942e+00
-1.835765965000000000e+00
-1.677260176000000103e+00
