-1.787091099999999974e-02
-1.711464399999999830e-02
-1.636030399999999912e-02
-1.561303300000000012e-02
-1.486319099999999956e-02
-1.411463399999999917e-02
-1.336414900000000051e-02
-1.261623499999999995e-02
-1.186189500000000077e-02
-1.111333800000000038e-02
-1.036542399999999982e-02
-9.615581999999999255e-03
-8.863170000000000076e-03
-8.111401000000000722e-03
-7.365413999999999815e-03
-6.620069999999999601e-03
-5.863802000000000424e-03
-5.115887999999999859e-03
-4.366046000000000163e-03
-3.618132000000000032e-03
-2.868289999999999902e-03
-2.117804999999999948e-03
-1.369891000000000034e-03
-6.226190000000000370e-04
1.323630000000000065e-04
8.809199999999999886e-04
1.630762000000000010e-03
2.376748000000000142e-03
3.129803000000000012e-03
3.875146999999999793e-03
4.628844000000000014e-03
5.383826000000000410e-03
6.138165999999999588e-03
6.882868000000000319e-03
7.635280000000000365e-03
8.381266999999999537e-03
9.127253000000000102e-03
9.880308000000000840e-03
1.063400500000000019e-02
1.137934900000000041e-02
1.212533600000000045e-02
1.287517799999999928e-02
1.363080300000000036e-02
1.437357700000000023e-02
1.513048600000000028e-02
1.587390300000000171e-02
1.663852299999999881e-02
1.736330599999999849e-02
1.815298599999999943e-02
1.864195700000000067e-02
