-8.831043000000001086e+00
-1.046308999999999934e+01
-1.219408800000000070e+01
-1.357618699999999912e+01
-1.484455700000000000e+01
-1.591309799999999974e+01
-1.671755600000000186e+01
-1.726949600000000018e+01
-1.750723499999999788e+01
-1.748217599999999905e+01
-1.713520499999999913e+01
-1.648045899999999975e+01
-1.551408200000000015e+01
-1.427591100000000068e+01
-1.282505999999999879e+01
-1.107607100000000067e+01
-9.210141000000000133e+00
-7.035791999999999824e+00
-4.912846000000000046e+00
-2.573365000000000347e+00
-2.621560000000000001e-01
2.150574999999999903e+00
4.339059999999999917e+00
6.596295999999999715e+00
8.661412999999999585e+00
1.063850300000000004e+01
1.241062300000000107e+01
1.383834200000000081e+01
1.507908300000000068e+01
1.608594099999999827e+01
1.674839700000000065e+01
1.716990200000000044e+01
1.726435499999999834e+01
1.705167499999999947e+01
1.660703900000000033e+01
1.583856300000000061e+01
1.484455700000000000e+01
1.364558099999999996e+01
1.222942699999999938e+01
1.070853900000000003e+01
9.010953999999999908e+00
7.329432000000000613e+00
5.535464999999999414e+00
3.696521999999999863e+00
1.976447000000000065e+00
3.366899999999999893e-01
-1.269654999999999978e+00
-2.741709999999999869e+00
-4.068551000000000251e+00
-5.170504000000000211e+00
-6.147803999999999824e+00
-6.852025999999999506e+00
-7.404609000000000663e+00
-7.734231000000000300e+00
-7.864022999999999541e+00
-7.829325999999999119e+00
-7.590944999999999609e+00
-7.161729000000000234e+00
-6.713880000000000514e+00
-6.075197000000000180e+00
-5.331138000000000154e+00
-4.635912000000000255e+00
-3.833382000000000289e+00
-3.061050999999999966e+00
-2.335625999999999980e+00
-1.674453999999999887e+00
-1.121229000000000031e+00
-6.232619999999999827e-01
-2.313139999999999918e-01
-5.204600000000000198e-02
7.646200000000000219e-02
1.863400000000000126e-02
-1.471409999999999940e-01
-5.204560000000000297e-01
-9.477440000000000309e-01
-1.529241000000000072e+00
-2.213544000000000178e+00
-2.861222000000000154e+00
-3.594358000000000164e+00
-4.398816000000000059e+00
-5.099181999999999881e+00
-5.795050999999999952e+00
-6.397108999999999490e+00
-6.991457000000000477e+00
-7.391115000000000101e+00
-7.655198999999999643e+00
-7.696321000000000190e+00
-7.632710000000000328e+00
-7.328147000000000411e+00
-6.866162000000000099e+00
-6.163224999999999731e+00
-5.274594999999999700e+00
-4.287657000000000274e+00
-3.030852000000000324e+00
-1.695014999999999938e+00
-1.278650000000000064e-01
1.497113999999999834e+00
3.157432000000000016e+00
4.887787000000000326e+00
6.589228000000000307e+00
8.263040000000000163e+00
9.917574999999999363e+00
1.142754000000000048e+01
1.283855300000000099e+01
1.396877799999999858e+01
1.496085599999999971e+01
1.568371199999999810e+01
1.625364300000000028e+01
1.645925499999999886e+01
1.647853100000000026e+01
1.613798600000000150e+01
1.551343899999999998e+01
1.462159600000000026e+01
1.354213200000000050e+01
1.217609600000000114e+01
1.051513600000000004e+01
8.757151000000000352e+00
6.764641000000000126e+00
4.697595999999999883e+00
2.513608999999999760e+00
3.431150000000000033e-01
-1.917333999999999872e+00
-4.068551000000000251e+00
-6.159370000000000012e+00
-8.107545000000000002e+00
-9.920787999999999940e+00
-1.156311499999999981e+01
-1.299533199999999944e+01
-1.416732200000000041e+01
-1.510542799999999986e+01
-1.574796599999999813e+01
-1.611999500000000296e+01
-1.620352499999999907e+01
-1.606859199999999888e+01
-1.558733099999999894e+01
-1.490045800000000042e+01
-1.398034299999999952e+01
-1.280064300000000088e+01
-1.155283499999999997e+01
-1.007692500000000102e+01
-8.492426000000000030e+00
-6.836604999999999599e+00
-5.118458000000000396e+00
-3.388746000000000258e+00
-1.792680999999999969e+00
-1.291499999999999870e-01
1.333909000000000011e+00
2.730787000000000297e+00
3.954179000000000332e+00
5.086331000000000380e+00
6.005802999999999336e+00
6.693961999999999968e+00
7.147592999999999641e+00
7.534400999999999904e+00
7.667406999999999861e+00
7.595443000000000389e+00
7.382762000000000491e+00
7.015873000000000026e+00
6.518549000000000149e+00
5.926770999999999567e+00
5.288730999999999405e+00
4.578083999999999598e+00
3.787761999999999851e+00
3.039848000000000106e+00
2.352973999999999677e+00
1.734210000000000029e+00
1.150142999999999915e+00
7.177149999999999919e-01
3.803829999999999711e-01
1.709150000000000114e-01
5.847100000000000214e-02
7.710500000000000687e-02
3.135589999999999766e-01
5.853519999999999834e-01
1.029346000000000094e+00
1.583855999999999931e+00
2.228964999999999641e+00
2.910054999999999836e+00
3.592430000000000234e+00
4.363475999999999466e+00
5.040710999999999942e+00
5.646624999999999339e+00
6.406747000000000192e+00
6.882225000000000037e+00
7.238190999999999597e+00
7.475930000000000852e+00
7.559459999999999624e+00
7.541469000000000200e+00
7.258110000000000284e+00
6.762070999999999721e+00
6.141378999999999699e+00
5.299654000000000309e+00
4.225330000000000474e+00
3.062336000000000169e+00
1.729711999999999916e+00
2.525169999999999915e-01
-1.324913999999999925e+00
-2.868932000000000038e+00
-4.610852999999999646e+00
-6.299443000000000126e+00
-7.902575999999999823e+00
-9.523056999999999661e+00
-1.096041400000000010e+01
-1.232837799999999895e+01
-1.347338099999999983e+01
-1.444875399999999921e+01
-1.517096599999999995e+01
-1.565993800000000213e+01
-1.588289899999999832e+01
-1.587711600000000089e+01
-1.559439899999999923e+01
-1.497756199999999893e+01
-1.416153900000000121e+01
-1.309107099999999946e+01
-1.171668200000000049e+01
-1.015402899999999953e+01
-8.450018000000000029e+00
-6.550032999999999994e+00
-4.507405000000000328e+00
-2.375462999999999880e+00
-1.831229999999999802e-01
1.940464999999999884e+00
4.052488000000000312e+00
6.093188999999999744e+00
8.023372999999999422e+00
9.802560999999998970e+00
1.138770199999999910e+01
1.282955800000000046e+01
1.400668699999999944e+01
1.486190599999999939e+01
1.554749400000000037e+01
1.591631099999999854e+01
1.600112599999999929e+01
1.582956799999999831e+01
1.543569200000000130e+01
1.470127100000000020e+01
1.381521100000000146e+01
1.269333999999999918e+01
1.139091499999999968e+01
9.967050999999999661e+00
8.434597000000000122e+00
6.831464999999999677e+00
5.140305000000000568e+00
3.521109000000000044e+00
1.806174999999999864e+00
3.007080000000000308e-01
-1.211826999999999988e+00
-2.613201999999999803e+00
-3.848161000000000165e+00
-4.860158000000000200e+00
-5.746217999999999826e+00
-6.440159000000000411e+00
-6.957402000000000086e+00
-7.270961000000000674e+00
-7.382762000000000491e+00
-7.384047999999999945e+00
-7.113539000000000279e+00
-6.780704000000000065e+00
-6.249324999999999797e+00
-5.708950999999999887e+00
-5.064484999999999459e+00
-4.394960000000000200e+00
-3.626485000000000181e+00
-2.965956000000000259e+00
-2.250811000000000117e+00
-1.604418000000000122e+00
-1.020993000000000039e+00
-5.975599999999999801e-01
-2.795040000000000302e-01
-2.698700000000000057e-02
3.276899999999999952e-02
-4.626299999999999857e-02
-5.082480000000000331e-01
-1.125083999999999973e+00
-2.001506000000000007e+00
-3.204336999999999769e+00
-4.498408999999999658e+00
-5.947975000000000456e+00
-7.439948000000000228e+00
-8.931278999999999968e+00
-1.038277300000000025e+01
-1.175844700000000032e+01
-1.292208299999999888e+01
-1.391287699999999994e+01
-1.467492700000000028e+01
-1.512727399999999989e+01
-1.520309300000000086e+01
-1.494607799999999997e+01
-1.439285300000000056e+01
-1.339370599999999989e+01
-1.200710899999999981e+01
-1.030952299999999866e+01
-8.239266000000000645e+00
-5.809828999999999688e+00
-3.192128999999999994e+00
-3.476130000000000053e-01
2.647257000000000193e+00
5.811113999999999891e+00
8.979469999999999175e+00
1.212854900000000136e+01
1.526027900000000059e+01
1.815491300000000052e+01
2.081180800000000275e+01
2.317891799999999947e+01
2.527166499999999871e+01
2.691142200000000173e+01
2.810718500000000120e+01
2.896304599999999851e+01
2.918407900000000055e+01
2.910504699999999900e+01
2.838411899999999832e+01
2.726032000000000011e+01
2.554474400000000145e+01
2.350532799999999867e+01
2.102384599999999892e+01
1.818768299999999982e+01
1.505145400000000144e+01
1.158174900000000029e+01
8.064494999999999081e+00
4.313358000000000025e+00
5.538680000000000270e-01
-3.175423000000000329e+00
-6.815400999999999598e+00
-1.030245500000000014e+01
-1.352606899999999968e+01
-1.652158100000000118e+01
-1.916433999999999926e+01
-2.149482600000000332e+01
-2.333955299999999866e+01
-2.474414099999999905e+01
-2.573557699999999926e+01
-2.622776200000000202e+01
-2.630229599999999834e+01
-2.592384099999999947e+01
-2.513351899999999972e+01
-2.386964700000000050e+01
-2.232691300000000112e+01
-2.041600500000000196e+01
-1.827828000000000230e+01
-1.593622899999999909e+01
-1.335579599999999978e+01
-1.072267499999999885e+01
-8.038793999999999329e+00
-5.382540999999999798e+00
-2.728858999999999924e+00
-2.370970000000000022e-01
2.051624000000000336e+00
4.164289000000000129e+00
6.068772000000000055e+00
7.691823000000000299e+00
9.064927000000000845e+00
1.010519600000000118e+01
1.083576200000000078e+01
1.129324899999999943e+01
1.144231800000000021e+01
1.135493299999999905e+01
1.094692099999999968e+01
1.040911700000000017e+01
9.605943999999999150e+00
8.731450000000000600e+00
7.679615000000000080e+00
6.624568000000000012e+00
5.546388999999999569e+00
4.461783999999999750e+00
3.423442999999999792e+00
2.506541000000000352e+00
1.628190999999999944e+00
9.997890000000000388e-01
4.549170000000000158e-01
1.201549999999999979e-01
2.248900000000000204e-02
1.477839999999999987e-01
3.366899999999999893e-01
8.430100000000000371e-01
1.467557000000000000e+00
2.182701999999999920e+00
3.072617000000000154e+00
4.008151999999999937e+00
4.960393999999999970e+00
5.946047000000000082e+00
7.032579000000000136e+00
7.921209000000000167e+00
8.715386000000000521e+00
9.451091999999999160e+00
9.970905999999999381e+00
1.025619299999999967e+01
1.036028400000000005e+01
1.023563099999999970e+01
9.863602000000000203e+00
9.183154000000000039e+00
8.238623000000000474e+00
7.094262999999999764e+00
5.725013999999999825e+00
4.100035000000000096e+00
2.270729999999999915e+00
3.032779999999999920e-01
-1.784327999999999914e+00
-3.904704000000000175e+00
-6.094473999999999947e+00
-8.363275999999999044e+00
-1.049778699999999887e+01
-1.252884999999999849e+01
-1.442626500000000078e+01
-1.615147899999999836e+01
-1.760554300000000083e+01
-1.885463700000000031e+01
-1.979595499999999930e+01
-2.036909900000000206e+01
-2.061904700000000190e+01
-2.060812400000000011e+01
-2.014806600000000003e+01
-1.935838700000000046e+01
-1.823394500000000207e+01
-1.676253300000000124e+01
-1.501675700000000013e+01
-1.300561299999999854e+01
-1.072010500000000022e+01
-8.321511000000000990e+00
-5.672969000000000150e+00
-3.018001000000000378e+00
-3.129159999999999719e-01
2.444856999999999836e+00
5.061914999999999942e+00
7.646846000000000032e+00
1.001331300000000013e+01
1.222814199999999829e+01
1.420844400000000007e+01
1.588546899999999873e+01
1.730290799999999862e+01
1.842863399999999885e+01
1.922024099999999791e+01
1.960833400000000282e+01
1.971049800000000118e+01
1.947275899999999993e+01
1.884628400000000070e+01
1.802126500000000320e+01
1.688140299999999883e+01
1.547809999999999953e+01
1.388781799999999933e+01
1.211569800000000008e+01
1.021506999999999898e+01
8.220632000000000161e+00
6.183786000000000449e+00
4.138588000000000378e+00
2.210974000000000217e+00
3.296220000000000261e-01
-1.497756000000000087e+00
-3.120164999999999633e+00
-4.581296000000000035e+00
-5.834888000000000297e+00
-6.916280000000000427e+00
-7.725234999999999630e+00
-8.321511000000000990e+00
-8.629928999999998851e+00
-8.829757999999999996e+00
-8.694824999999999804e+00
-8.493067999999999174e+00
-8.031725999999999033e+00
-7.502916999999999170e+00
-6.755003000000000313e+00
-5.982028999999999819e+00
-5.167290999999999634e+00
-4.258099999999999774e+00
-3.452999999999999847e+00
-2.606776999999999678e+00
-1.903839999999999977e+00
-1.233673000000000020e+00
-6.932989999999999986e-01
-3.167709999999999693e-01
-4.433499999999999941e-02
5.461599999999999788e-02
-2.955699999999999994e-02
-2.210330000000000072e-01
-6.001309999999999700e-01
-1.091671999999999976e+00
-1.626264000000000154e+00
-2.317635000000000112e+00
-3.156147000000000258e+00
-3.942613999999999841e+00
-4.780483000000000260e+00
-5.559238999999999820e+00
-6.359199000000000268e+00
-7.013945999999999792e+00
-7.657125999999999877e+00
-8.068350999999999829e+00
-8.349140000000000228e+00
-8.432026999999999717e+00
-8.306090000000001083e+00
-8.001526999999999390e+00
-7.459867000000000026e+00
-6.674043000000000170e+00
-5.801476000000000077e+00
-4.650047999999999959e+00
-3.301360999999999990e+00
-1.798464000000000063e+00
-1.882639999999999869e-01
1.588354000000000044e+00
3.395171000000000383e+00
5.235400000000000276e+00
7.065349000000000323e+00
8.894655000000000200e+00
1.058452999999999911e+01
1.225577100000000108e+01
1.367577999999999960e+01
1.494029499999999899e+01
1.602875500000000031e+01
1.679915800000000203e+01
1.735816600000000065e+01
1.759076500000000109e+01
1.750530700000000195e+01
1.721809299999999965e+01
1.655242300000000100e+01
1.556548500000000068e+01
1.442947700000000033e+01
1.294328699999999976e+01
1.119108599999999853e+01
9.302665999999998547e+00
7.238834000000000657e+00
5.045208999999999833e+00
2.696089999999999876e+00
3.906630000000000380e-01
-1.987370000000000081e+00
-4.253602000000000771e+00
-6.478069000000000521e+00
-8.587521000000000626e+00
-1.050421200000000077e+01
-1.225705600000000040e+01
-1.376830599999999905e+01
-1.501482999999999990e+01
-1.599598500000000101e+01
-1.664302100000000095e+01
-1.709344000000000108e+01
-1.714355799999999874e+01
-1.696107700000000307e+01
-1.646375300000000053e+01
-1.576531399999999827e+01
-1.470062899999999928e+01
-1.351514599999999966e+01
-1.217095600000000033e+01
-1.058324499999999979e+01
-8.904935000000000045e+00
-7.177793000000000312e+00
-5.394106999999999985e+00
-3.594358000000000164e+00
-1.827377999999999947e+00
-1.754129999999999856e-01
1.418082000000000065e+00
2.860578999999999983e+00
4.201556000000000068e+00
5.333708999999999811e+00
6.240329999999999266e+00
6.945837000000000039e+00
7.494563999999999560e+00
7.861452999999999136e+00
7.995100999999999125e+00
7.930846999999999980e+00
7.705959000000000003e+00
7.318508999999999709e+00
6.774278999999999940e+00
6.188283999999999452e+00
5.457717999999999847e+00
4.774700000000000166e+00
3.949038999999999522e+00
3.208192999999999628e+00
2.491763000000000172e+00
1.775333000000000050e+00
1.234958000000000000e+00
7.704030000000000600e-01
3.617490000000000427e-01
1.323630000000000084e-01
1.130869999999999931e-01
1.162989999999999996e-01
2.852870000000000128e-01
6.200489999999999613e-01
1.071110999999999924e+00
1.606344999999999912e+00
2.236674999999999969e+00
2.929330999999999907e+00
3.709371999999999669e+00
4.450218999999999703e+00
5.257246000000000308e+00
5.938336999999999755e+00
6.581516999999999840e+00
7.113539000000000279e+00
7.529903999999999265e+00
7.779208000000000567e+00
7.845390000000000974e+00
7.761217000000000255e+00
7.512554999999999872e+00
6.986958999999999698e+00
6.307153999999999705e+00
5.480850000000000222e+00
4.428371999999999531e+00
3.156789999999999985e+00
1.756057000000000201e+00
2.917120000000000268e-01
-1.366036000000000028e+00
-3.041774999999999896e+00
-4.756708999999999854e+00
-6.496059999999999945e+00
-8.126179000000000485e+00
-9.746016999999998376e+00
-1.129003600000000063e+01
-1.268562900000000049e+01
-1.388460499999999875e+01
-1.487347099999999855e+01
-1.559247099999999975e+01
-1.617139799999999994e+01
-1.637636799999999937e+01
-1.634745400000000259e+01
-1.601718900000000190e+01
-1.536629800000000046e+01
-1.452007500000000029e+01
-1.338342499999999902e+01
-1.200196899999999900e+01
-1.041361500000000007e+01
-8.626716000000000051e+00
-6.657337000000000060e+00
-4.596716999999999942e+00
-2.460278000000000187e+00
-2.171780000000000099e-01
1.923758999999999997e+00
4.166216999999999615e+00
6.189568999999999654e+00
8.246333999999999165e+00
1.002487900000000032e+01
1.168391199999999941e+01
1.311805700000000030e+01
1.426627299999999998e+01
1.520887600000000006e+01
1.580900699999999937e+01
1.628255700000000061e+01
1.631339900000000043e+01
1.618938899999999848e+01
1.572740399999999994e+01
1.503346300000000113e+01
1.407736700000000063e+01
1.297605599999999981e+01
1.161516100000000051e+01
1.018230099999999894e+01
8.613222999999999629e+00
6.956760000000000055e+00
5.268812000000000495e+00
3.505044999999999966e+00
1.866573000000000038e+00
2.788619999999999988e-01
-1.236242999999999981e+00
-2.613844999999999974e+00
-3.908558999999999894e+00
-4.933406999999999876e+00
-5.841314000000000561e+00
-6.568024000000000306e+00
-7.086552000000000184e+00
-7.411034000000000788e+00
-7.525406000000000262e+00
-7.484283000000000463e+00
-7.278670999999999225e+00
-6.923347999999999836e+00
-6.430520999999999709e+00
-5.809828999999999688e+00
-5.158295999999999992e+00
-4.387249999999999872e+00
-3.711942000000000075e+00
-2.947322000000000219e+00
-2.238602999999999899e+00
-1.637830000000000119e+00
-1.036413999999999946e+00
-5.757139999999999480e-01
-2.133229999999999849e-01
-3.148399999999999810e-02
7.389199999999999935e-02
-2.698700000000000057e-02
-1.310780000000000001e-01
-4.908990000000000298e-01
-9.413179999999999881e-01
-1.448281000000000152e+00
-2.100457000000000019e+00
-2.762271000000000143e+00
-3.521109000000000044e+00
-4.250389000000000195e+00
-4.946258000000000266e+00
-5.602932000000000023e+00
-6.240972000000000186e+00
-6.796124999999999972e+00
-7.148878999999999984e+00
-7.381477000000000288e+00
-7.455369000000000135e+00
-7.439948000000000228e+00
-7.113539000000000279e+00
-6.652197000000000138e+00
-6.013513999999999804e+00
-5.169219000000000008e+00
-4.152724000000000082e+00
-2.938327000000000133e+00
-1.626264000000000154e+00
-1.285079999999999834e-01
1.418723999999999874e+00
3.005793000000000159e+00
4.774700000000000166e+00
6.427308000000000021e+00
8.016947999999999297e+00
9.614940000000000708e+00
1.112554699999999919e+01
1.244017999999999979e+01
1.358903799999999862e+01
1.452071800000000046e+01
1.531039700000000003e+01
1.577880699999999869e+01
1.600433800000000062e+01
1.601204900000000109e+01
1.570941299999999785e+01
1.512020600000000137e+01
1.428683400000000070e+01
1.315403899999999915e+01
1.181884499999999960e+01
1.031851900000000022e+01
8.561176999999998927e+00
6.634205999999999825e+00
4.640410000000000146e+00
2.492405000000000204e+00
3.874500000000000166e-01
-1.837015999999999982e+00
-3.950323999999999725e+00
-5.937694000000000472e+00
-7.851815000000000211e+00
-9.651564000000000476e+00
-1.125084200000000045e+01
-1.262587299999999857e+01
-1.384091300000000047e+01
-1.476102700000000034e+01
-1.540613499999999902e+01
-1.580964899999999851e+01
-1.588996599999999759e+01
-1.571455399999999791e+01
-1.530718399999999946e+01
-1.462223900000000043e+01
-1.366614199999999890e+01
-1.258667800000000092e+01
-1.129646200000000000e+01
-9.871311999999999642e+00
-8.317655000000000243e+00
-6.710024999999999906e+00
-5.026575000000000237e+00
-3.422157999999999589e+00
-1.752843999999999847e+00
-1.953320000000000056e-01
1.329410999999999898e+00
2.739140000000000352e+00
3.922051999999999872e+00
5.027217999999999520e+00
5.815612000000000670e+00
6.580874999999999808e+00
7.133458000000000077e+00
7.427740000000000009e+00
7.524121000000000059e+00
7.474002999999999730e+00
7.260037999999999769e+00
6.920777999999999430e+00
6.391968999999999568e+00
5.841955999999999705e+00
5.214196000000000275e+00
4.481060999999999517e+00
3.736358999999999764e+00
3.034065000000000012e+00
2.376748000000000083e+00
1.743206000000000033e+00
1.169419000000000208e+00
7.048640000000000461e-01
4.150800000000000045e-01
1.587070000000000147e-01
6.039900000000000130e-02
1.535669999999999813e-01
5.859949999999999326e-01
1.275438000000000072e+00
2.165995999999999810e+00
3.310998999999999803e+00
4.627558999999999756e+00
6.027007000000000225e+00
7.555604999999999905e+00
9.054645999999999972e+00
1.052156100000000016e+01
1.185804000000000080e+01
1.310327900000000056e+01
1.407029900000000033e+01
1.482142600000000066e+01
1.525706600000000002e+01
1.536694000000000138e+01
1.511185299999999998e+01
1.447124200000000016e+01
1.350165199999999999e+01
1.217738199999999971e+01
1.039369599999999849e+01
8.330505999999999744e+00
5.956328000000000067e+00
3.357260999999999829e+00
4.844739999999999602e-01
-2.545093000000000050e+00
-5.672969000000000150e+00
-8.831043000000001086e+00
-1.203152500000000025e+01
-1.507072999999999929e+01
-1.795636899999999869e+01
-2.064410599999999718e+01
-2.306069100000000205e+01
-2.512195299999999776e+01
-2.679769300000000243e+01
-2.809369200000000077e+01
-2.885510000000000019e+01
-2.912046799999999891e+01
-2.895790599999999770e+01
-2.830701499999999982e+01
-2.714466299999999777e+01
-2.545864299999999858e+01
-2.341023200000000060e+01
-2.088634300000000010e+01
-1.803861400000000259e+01
-1.490752600000000072e+01
-1.153291600000000017e+01
-7.904503000000000057e+00
-4.224045000000000272e+00
-4.439939999999999998e-01
3.282726999999999951e+00
6.889293000000000333e+00
1.040269100000000080e+01
1.361730899999999878e+01
1.663145499999999899e+01
1.925236800000000059e+01
2.152309800000000095e+01
2.341151699999999991e+01
2.485465800000000058e+01
2.583709800000000101e+01
2.636590699999999998e+01
2.640317399999999992e+01
2.603114499999999865e+01
2.518428000000000111e+01
2.401550299999999893e+01
2.242779099999999914e+01
2.053872900000000001e+01
1.838751200000000097e+01
1.600755099999999942e+01
1.349394200000000055e+01
1.084668500000000080e+01
8.170514000000000721e+00
5.505908999999999942e+00
2.888850999999999836e+00
4.382109999999999617e-01
-1.930827000000000071e+00
-4.083328999999999986e+00
-5.958897999999999584e+00
-7.558175000000000310e+00
-8.924210999999999672e+00
-9.952272000000000673e+00
-1.074066599999999916e+01
-1.115703099999999992e+01
-1.131188299999999991e+01
-1.120200900000000033e+01
-1.084989799999999960e+01
-1.028382199999999891e+01
-9.535907999999999163e+00
-8.624145999999999646e+00
-7.619858999999999938e+00
-6.497987999999999431e+00
-5.402460000000000484e+00
-4.393674999999999997e+00
-3.309714000000000045e+00
-2.379960999999999771e+00
-1.557512000000000008e+00
-8.629290000000000571e-01
-3.771700000000000053e-01
-7.903200000000000502e-02
5.333100000000000340e-02
-8.352999999999999314e-03
-2.756489999999999774e-01
-7.196429999999999216e-01
-1.346759999999999957e+00
-2.083108000000000182e+00
-2.926118000000000219e+00
-3.877717000000000080e+00
-4.903208000000000233e+00
-5.902355000000000018e+00
-6.909854000000000163e+00
-7.754792000000000129e+00
-8.574027999999998428e+00
-9.352142000000000621e+00
-9.807700999999999780e+00
-1.013475299999999990e+01
-1.028832000000000058e+01
-1.007756700000000016e+01
-9.723528999999999201e+00
-9.102193999999999008e+00
-8.118468999999999269e+00
-7.012660999999999589e+00
-5.620281000000000304e+00
-3.924623000000000417e+00
-2.186557000000000084e+00
-2.165350000000000052e-01
1.908980999999999817e+00
4.046705000000000219e+00
6.211415999999999826e+00
8.442949999999999733e+00
1.057360599999999984e+01
1.260659700000000072e+01
1.454127900000000118e+01
1.624143499999999918e+01
1.771477499999999949e+01
1.895487299999999919e+01
1.987113199999999935e+01
2.046226700000000065e+01
2.074562699999999893e+01
2.065181600000000017e+01
2.021167799999999914e+01
1.943356400000000050e+01
1.831104999999999805e+01
1.688525800000000032e+01
1.507651300000000028e+01
1.310970400000000069e+01
1.086017799999999944e+01
8.410822999999998828e+00
5.836815999999999782e+00
3.154219000000000328e+00
4.401390000000000025e-01
-2.265589000000000297e+00
-4.889072000000000529e+00
-7.507414999999999949e+00
-9.895086000000000936e+00
-1.210413199999999989e+01
-1.407800900000000155e+01
-1.581286200000000086e+01
-1.722001999999999811e+01
-1.831426300000000040e+01
-1.906346200000000124e+01
-1.949139200000000116e+01
-1.964431599999999989e+01
-1.936031499999999994e+01
-1.877431999999999945e+01
-1.794480300000000028e+01
-1.674390000000000001e+01
-1.542541100000000043e+01
-1.380300299999999858e+01
-1.200839400000000090e+01
-1.010648100000000049e+01
-8.132604000000000610e+00
-6.109894999999999854e+00
-4.112244000000000455e+00
-2.118448000000000331e+00
-1.940459999999999963e-01
1.556227000000000027e+00
3.276943999999999857e+00
4.676391999999999882e+00
5.967893999999999366e+00
6.995312000000000197e+00
7.864022999999999541e+00
8.427528999999999826e+00
8.816907000000000494e+00
8.934492000000000544e+00
8.823974999999999014e+00
8.622861000000000331e+00
8.158947999999998757e+00
7.560103000000000684e+00
6.880297999999999803e+00
6.066843999999999681e+00
5.196847999999999246e+00
4.365403999999999840e+00
3.510184999999999889e+00
2.733357000000000259e+00
1.923758999999999997e+00
1.377601999999999993e+00
8.044580000000000064e-01
4.240749999999999797e-01
1.824809999999999766e-01
7.903200000000000502e-02
1.015210000000000001e-01
3.257670000000000288e-01
7.312079999999999691e-01
1.164279000000000064e+00
1.768907000000000007e+00
2.483410000000000117e+00
3.251243000000000105e+00
4.085257000000000360e+00
4.885216999999999921e+00
5.660759999999999792e+00
6.471643000000000256e+00
7.148235999999999812e+00
7.725878000000000689e+00
8.135175000000000267e+00
8.419819000000000386e+00
8.545755999999999020e+00
8.407611000000001056e+00
8.175653999999999755e+00
7.616004000000000218e+00
6.825681999999999583e+00
5.870870000000000033e+00
4.801686999999999372e+00
3.418944999999999901e+00
1.972591999999999901e+00
3.052059999999999773e-01
-1.447637999999999980e+00
-3.275017000000000067e+00
-5.085046000000000177e+00
-6.909854000000000163e+00
