9.019486825024937149e-01
8.092643295981223339e-01
7.806598760591619834e-01
7.574909937328944132e-01
6.121335246222403548e-01
5.818898846902234023e-01
4.575163111651724401e-01
3.492981536733372194e-01
2.292089215343650344e-01
9.254545384741101610e-02
1.047146422258603549e-01
2.581863884782324425e-01
3.753135988364169617e-01
5.559124712882164143e-01
6.450663360495988430e-01
8.196348179181351945e-01
8.958597661608631579e-01
1.005104885631632028e+00
1.061713745603229508e+00
1.080630508296703152e+00
1.142805953889706627e+00
1.141922849975457899e+00
1.151543724283436543e+00
1.068714099585384103e+00
1.102259702036256783e+00
9.739917558222623839e-01
9.699280193892045876e-01
8.002853333753985332e-01
6.792270386597967224e-01
5.874074166400028441e-01
4.717287631724834673e-01
3.294642555424514008e-01
2.314834502676687278e-01
1.010305046735831963e-01
1.338834957681492299e-01
2.401296100005412826e-01
3.636183534166981257e-01
4.471280016322713990e-01
5.683797599353611618e-01
6.595442799315833771e-01
7.277958274868061572e-01
7.904694761163593153e-01
7.950040227422278116e-01
8.603806828482927216e-01
8.339234820102657819e-01
7.879870815645195758e-01
7.634108228312554978e-01
7.394402859146135265e-01
6.760202359493775459e-01
6.008398841844629912e-01
4.976526236304916750e-01
4.144964562119753393e-01
2.834943611698119148e-01
2.284635705821497775e-01
1.171709850271188680e-01
8.852005122882411481e-02
1.179768749218684937e-01
1.850923483945352555e-01
2.592686096395869222e-01
2.626975998681748137e-01
3.782236310580672778e-01
3.547657088724619490e-01
3.751572063600034368e-01
3.992433219405027156e-01
3.856489118228812463e-01
3.664155303452135137e-01
3.381726182707973094e-01
2.896652372947155496e-01
2.819775932056625689e-01
2.006629626644763076e-01
1.548839933236323130e-01
1.044632061619159835e-01
8.487504123944994427e-02
1.133049407636186751e-01
1.754697125480126352e-01
2.020570935647136301e-01
2.963348064739718124e-01
3.069223124311514228e-01
3.070833057830905655e-01
3.561840965659928138e-01
3.368349104402741934e-01
3.088395941816043377e-01
3.006368322811418525e-01
2.736435188338128821e-01
2.504467843227287660e-01
1.539559556324972267e-01
1.104172987900150227e-01
9.650143320738782671e-02
1.290192505529261513e-01
2.455969697535212437e-01
2.894224265235816884e-01
4.348485142820173732e-01
4.596906581509441203e-01
5.567444618927041011e-01
6.282659611148143641e-01
6.915380798505778026e-01
7.860908898524234800e-01
8.032193127010105460e-01
8.281986911321168598e-01
8.411940818318301982e-01
8.096153082754660169e-01
8.316886524032155448e-01
7.833038368404823260e-01
7.381766123526968260e-01
6.491997565273138759e-01
5.410088293609304211e-01
4.478633349147096432e-01
3.244530817539812984e-01
2.336926891620896007e-01
1.033975941094745360e-01
7.293131577532525889e-02
2.024104677174781430e-01
2.885148177451435370e-01
4.401074725700463430e-01
5.009947490484718546e-01
6.916236508157665996e-01
7.481717001398440203e-01
8.448010914628711898e-01
9.177451960593122626e-01
9.802438902436899637e-01
1.003625627224358219e+00
1.017672546097558861e+00
1.032163147156091920e+00
9.775105825939560678e-01
9.524881414810673075e-01
8.903413076531786485e-01
8.425774308383785494e-01
7.534417040382547226e-01
6.423301280552864423e-01
5.213981664442562947e-01
3.981237170955362337e-01
2.510626818688920792e-01
1.288311746529362534e-01
6.943418626771537261e-02
1.539359768943082407e-01
3.131467419081998549e-01
3.780362079555383836e-01
5.327379961104488082e-01
6.025766175299931415e-01
6.816528823232652634e-01
7.672045791265693637e-01
8.036980613334221424e-01
8.190210306190628398e-01
8.671138404607058314e-01
8.285214252408609203e-01
8.091011632915736662e-01
7.929250472179094622e-01
6.975831154425357061e-01
6.551507311633070207e-01
5.698207152432611666e-01
5.392969050545499687e-01
4.268838774967367300e-01
3.509281898150113377e-01
2.679334263699202356e-01
2.315924377393710487e-01
9.171579541444560557e-02
7.898566762127140484e-02
1.357746095901311290e-01
1.894946230881432159e-01
2.485505026688780150e-01
2.688346020332150199e-01
2.963560927345207374e-01
3.267778848180655782e-01
3.512070316225353594e-01
3.158113946288268470e-01
3.018161721197276659e-01
2.754303380956457659e-01
2.479284002785916152e-01
1.669929567497212552e-01
1.444103013126172841e-01
7.954374005367051415e-02
7.073050733295223325e-02
1.166320125043095735e-01
1.631282937021229507e-01
2.147137389925794781e-01
2.872860340380707922e-01
3.414925085765353474e-01
3.802399118900343100e-01
3.923354634022137022e-01
3.974315944496872310e-01
4.234334543444006616e-01
3.275605753459029379e-01
3.738557379330349484e-01
3.727433738910406746e-01
2.483894125900265315e-01
2.181343660465590584e-01
1.251524502782167259e-01
9.600554996298563126e-02
9.865822277763264259e-02
1.769514565184369670e-01
2.391064861287632015e-01
3.044410406114610446e-01
4.215483545557645040e-01
4.914106217444729752e-01
5.392691660588095903e-01
6.186584992913680692e-01
6.786255153069744583e-01
7.043895326973600435e-01
7.172363565154752374e-01
8.215345476688346027e-01
7.473897405874105893e-01
7.686619138622946545e-01
7.251750423982146199e-01
6.714181274698898250e-01
6.166787673996557695e-01
5.093200178736213557e-01
4.316596347833711600e-01
3.141521873267358322e-01
2.246103782853700881e-01
1.231552372345631613e-01
9.978933418119471932e-02
2.161815344125233018e-01
3.502375123198364637e-01
4.567850279366349464e-01
5.993039071089147907e-01
7.362066783935228287e-01
7.982953053211270245e-01
8.815052646798036129e-01
9.682520087494249639e-01
1.015906868334968127e+00
1.054789728646106761e+00
1.070900776417039957e+00
1.034044440272117171e+00
1.030876045763874149e+00
9.699826874414511080e-01
9.308123952310597415e-01
8.402654531881499356e-01
7.644212985730380883e-01
6.793846954390134751e-01
5.425120984370261912e-01
4.255481654492798138e-01
3.342760403583835971e-01
1.830002563098468704e-01
9.714566074026789733e-02
1.150104246024748339e-01
2.218424492902011103e-01
3.735694828638057574e-01
4.320900956154658523e-01
5.709808756206921077e-01
5.982302132921246685e-01
6.803280145289531955e-01
6.936538461509657028e-01
7.734194558956350996e-01
7.648069019101448873e-01
7.883234659041402637e-01
7.759158011910662900e-01
6.923757453868224498e-01
7.115426340120278859e-01
6.269931750622198541e-01
5.615575902022162946e-01
4.418920099370386989e-01
3.858172646422802776e-01
2.592644230665123173e-01
2.028109171576658043e-01
1.017239110716495060e-01
9.628254520658743876e-02
1.270570229485232516e-01
1.816180283359552228e-01
2.328332340829676883e-01
3.050688767834667248e-01
3.208915200108152233e-01
3.552682583430600283e-01
3.623429020926044464e-01
3.824865132916229205e-01
3.445384135508348100e-01
3.772037153018690248e-01
3.200811844752431967e-01
3.015556928938088466e-01
2.114301500207240725e-01
2.000894973206182037e-01
1.390285315673516486e-01
7.675141390325405932e-02
1.000222180652906995e-01
2.482828590185711948e-01
2.920852016937016127e-01
4.591856861528351152e-01
5.568200350665316600e-01
6.161167582392532704e-01
6.780299911445725192e-01
6.851190682303512913e-01
6.757563964515173049e-01
6.558122232768337501e-01
6.002262538222947752e-01
5.063969550803921749e-01
4.378028544554222190e-01
3.195838384795127163e-01
1.832266845482183049e-01
1.070966442404783642e-01
1.932601518257039408e-01
3.504666419361183172e-01
5.663072674673522711e-01
7.301145280380677560e-01
8.927337180267169714e-01
1.083862399214944316e+00
1.213551847224295432e+00
1.302121176496628285e+00
1.404644878837014055e+00
1.468126955334474015e+00
1.537660246306822076e+00
1.518173105279256863e+00
1.530099276250314944e+00
1.486121687955385795e+00
1.372641327740639294e+00
1.269956764199755339e+00
1.130695362844170049e+00
9.956564083955276034e-01
7.420558343700375259e-01
5.852686688971510121e-01
3.400971902174263484e-01
1.184353412524751237e-01
1.326831428426819282e-01
4.025655030793811040e-01
5.637306774793381381e-01
8.454397960860066119e-01
9.586717440536868251e-01
1.223949380724863145e+00
1.324114064195898832e+00
1.521535675043313329e+00
1.595507055921038031e+00
1.670955497070279128e+00
1.743981893051416820e+00
1.743648760158125866e+00
1.734148799561969323e+00
1.693013088939414601e+00
1.599432868570561883e+00
1.499012194358573913e+00
1.376755478718914683e+00
1.216886668041347930e+00
1.057866384556129580e+00
8.011794287564282246e-01
6.148939025351181087e-01
3.846777160959976571e-01
1.760694421163057077e-01
1.039611738677211072e-01
2.703076032081181967e-01
4.788240945446511909e-01
6.747172298719099626e-01
8.003338013490721714e-01
9.793264624199752300e-01
1.058088743595011039e+00
1.196523235777951832e+00
1.263694879792562897e+00
1.293160884587445159e+00
1.302231350285073086e+00
1.291727284533605857e+00
1.278364889332247678e+00
1.179481605434403946e+00
1.096564139429654805e+00
9.967161388162667501e-01
8.974530231757529286e-01
7.652888564334275889e-01
6.528765600296508875e-01
4.756898556370052766e-01
3.693781391497817923e-01
2.261543309821815451e-01
1.374134841004943097e-01
1.184759724759989058e-01
2.012892517851343765e-01
2.791128191284904525e-01
3.669531090212430624e-01
4.095810780059362388e-01
4.824776475935210196e-01
4.767024876493158314e-01
5.046489784881258434e-01
5.010116132541005962e-01
4.576990887268201358e-01
4.288156604790346882e-01
3.739821120170317981e-01
2.651543123514881195e-01
2.170925460328854695e-01
1.186568381104260023e-01
7.921652551359122107e-02
1.201269017232249742e-01
1.732438386222078242e-01
3.213476017730888534e-01
3.274838415505680889e-01
4.227889111845152259e-01
4.650539220602293855e-01
4.891047715129371865e-01
4.830754289232472298e-01
5.387271155387657329e-01
5.339612399859611225e-01
4.406165430190461807e-01
4.240313149186268338e-01
3.664502636582812611e-01
2.556456308974004998e-01
1.731793751114722724e-01
1.147368243340626814e-01
1.267028708575045348e-01
2.113611441356492704e-01
3.324996685965279086e-01
4.396384217794372384e-01
5.350700494831639453e-01
6.474628711614198728e-01
7.562100922454035867e-01
8.494247157705204776e-01
9.184154814215116369e-01
9.764734302693640622e-01
9.845990608287757961e-01
1.041231450133711656e+00
1.030832755550033619e+00
9.714487952959540706e-01
9.280920796634488656e-01
8.693364553571162334e-01
7.695202189875298693e-01
6.514019960537708043e-01
5.406945099377071795e-01
3.841884303468712791e-01
2.178227772417614672e-01
1.049903688358897330e-01
1.189066313702826089e-01
3.125244457189045866e-01
4.642525175359485390e-01
6.409063255500524470e-01
7.879779728008721174e-01
9.060664265942295348e-01
1.052642644221953194e+00
1.150294504001001750e+00
1.225841096422130905e+00
1.318397102036861002e+00
1.284749927498719302e+00
1.339327408714536816e+00
1.307714254558128841e+00
1.261296281402806807e+00
1.223751683147155322e+00
1.116212047292340248e+00
1.065188350085929159e+00
9.173585822204978202e-01
7.975432048228384696e-01
6.627711662523330105e-01
5.371636553306303741e-01
3.676420676020228928e-01
2.017633852898019775e-01
9.452922680990549775e-02
1.406030159961916548e-01
2.773420116271004821e-01
3.759785585342344527e-01
5.402615763033420393e-01
6.346138073850148276e-01
7.374255694852698273e-01
8.074789407302754851e-01
8.717958498220231833e-01
9.170983893065269843e-01
9.523641570444895121e-01
9.447665975267398597e-01
8.941088934910167429e-01
8.886107428139455866e-01
8.210829588538236523e-01
7.512441765803082871e-01
6.615614792680437617e-01
5.667783928538704386e-01
4.567030372666303628e-01
3.494031534443028941e-01
2.390549745239314294e-01
1.605892379675505632e-01
1.035889649905530063e-01
1.479724043762416508e-01
1.693939550243881154e-01
3.008870150594663007e-01
3.067958288098591724e-01
4.455973443154506164e-01
3.966448857874089740e-01
4.899046467203113653e-01
4.347408314906767157e-01
4.293948542028719340e-01
3.983791713476652063e-01
3.549395982061550603e-01
3.280942373578603077e-01
2.701971528772491582e-01
2.035359283584256829e-01
1.629440307487581008e-01
7.369582711343999892e-02
6.824448733367892428e-02
1.136404604120071493e-01
1.785772401349672300e-01
2.261102931519286818e-01
2.398344329003934405e-01
3.470254545449985017e-01
3.531492650960840751e-01
3.566795888953545046e-01
3.550145997559793209e-01
3.637558670970328922e-01
3.374626977476140044e-01
3.045043697269250171e-01
2.760732880658252064e-01
1.910583968793327370e-01
1.478210906466025099e-01
9.189920431854364802e-02
1.313762282323888697e-01
2.219172711933596609e-01
3.492322662261501121e-01
4.271357736783858439e-01
4.950148020291286199e-01
6.228088092760458716e-01
6.917504326724932540e-01
7.561835933057786674e-01
8.339899044150169694e-01
8.972750732655322414e-01
8.994579898854520028e-01
9.076796279267147494e-01
9.099182062924237036e-01
8.866418039288892494e-01
8.319924396167021063e-01
8.128641549521362641e-01
6.872695527749943523e-01
6.483858355512406302e-01
5.029271782446698147e-01
3.782877307637520503e-01
2.626366656195011084e-01
1.190976508840726616e-01
8.045039056930798627e-02
1.623652846532011584e-01
3.373395439872994839e-01
4.447835936916815780e-01
5.396622254327578805e-01
7.180359139447158867e-01
8.031732047945439046e-01
8.909565914497389327e-01
9.594510514488986397e-01
1.042269172714245906e+00
1.070819773333254066e+00
1.058854699614264261e+00
1.083186777616460983e+00
1.038978082725541041e+00
1.035857948058636291e+00
9.529528626910444000e-01
8.675076480161503234e-01
7.837753514529032239e-01
6.529506671856302180e-01
5.469036600035485085e-01
3.969285993421828307e-01
2.748904935790649207e-01
1.481866409839192877e-01
9.003059871715525520e-02
1.826427722040080415e-01
3.159445737202191684e-01
4.222962074776722696e-01
5.890562093264113397e-01
6.124505991425955864e-01
7.491405580900467598e-01
8.159548767367463817e-01
8.379402542290942391e-01
8.521844027938467736e-01
8.828056075474590703e-01
8.826838506317470356e-01
8.619298111731110712e-01
8.099199120768341142e-01
7.774325752998501038e-01
6.844048456699207694e-01
6.454568235528432840e-01
5.236194944688363773e-01
4.560974311589676700e-01
3.624970145743904859e-01
3.127938559270822538e-01
2.031115990281134043e-01
1.368622221102152592e-01
1.027308164677731422e-01
1.229114781104542198e-01
1.974560586002420126e-01
2.250166287818046729e-01
2.782939915820690779e-01
3.129613092888401948e-01
3.165726642933087698e-01
3.812373409653528333e-01
3.169735278335348294e-01
3.517120522103499014e-01
3.073407231924976113e-01
2.563131578704031521e-01
2.226911131861776250e-01
1.855581579426373029e-01
9.081838691365318184e-02
6.858270918050358989e-02
7.960268507528803217e-02
1.391464257825568429e-01
2.165167304059480990e-01
2.614874565244659221e-01
3.065619920380474595e-01
3.271921909409746254e-01
3.770995636908019977e-01
3.719468396335615656e-01
3.775563382700150017e-01
3.830518959236188237e-01
3.298882895374538049e-01
3.207946396418861479e-01
2.693883147291760149e-01
2.193479254921519572e-01
1.471946149274385995e-01
9.355658128382701721e-02
8.251059301138682911e-02
1.460684829902832993e-01
2.490062190983803048e-01
2.989521911987976788e-01
3.848452917996655898e-01
4.836843438434755282e-01
5.868854103350213958e-01
6.338323991723983086e-01
6.940928232363825501e-01
7.745332862866703971e-01
7.671476576946202330e-01
8.164845257675680257e-01
7.789807766193764804e-01
7.554439295672131793e-01
7.354931657611364360e-01
6.942103245365149888e-01
6.169014903473520883e-01
5.381395340206648337e-01
4.022657611566701763e-01
3.119773606825939627e-01
2.184003284764218789e-01
8.195197717064153786e-02
9.486993484004350996e-02
2.501679460840088853e-01
3.711639639759722331e-01
4.852440224948180725e-01
6.358490554824985930e-01
7.354835685107187215e-01
8.253795223802020686e-01
8.918924988605038129e-01
9.839581669803926234e-01
1.005922994741949239e+00
1.086079970188931210e+00
1.076060188368606285e+00
1.072956698559590416e+00
1.061550042796508775e+00
9.720740506936588199e-01
9.720453102615870256e-01
8.066880829815927800e-01
7.996013084748472277e-01
6.141941348070805162e-01
5.607301286923105366e-01
3.916789616828957876e-01
3.055188766460678051e-01
1.912330931655724653e-01
8.457870480562636184e-02
1.034939148867710657e-01
2.318914861228892343e-01
3.250941666770582050e-01
4.366091051528961375e-01
5.115357766777040016e-01
6.296506408790940590e-01
6.478663626169861578e-01
7.459213281022168962e-01
7.515196021903305379e-01
7.945275989181878051e-01
7.917208745966275441e-01
7.459729176157801067e-01
7.402330880441702066e-01
6.864877444804013962e-01
6.423404220596178327e-01
5.741622342928238698e-01
4.516662598639123449e-01
4.118855227322814061e-01
2.988836849747721902e-01
2.113027629498648863e-01
1.091987128307110450e-01
6.645841571611139920e-02
1.213645632478394520e-01
1.953151389017990791e-01
2.508408859754055475e-01
3.136851610029026127e-01
3.431955915441252114e-01
3.722747157995886513e-01
3.925544213990296849e-01
3.412557973965444913e-01
4.023453542001946825e-01
3.213155896506632581e-01
3.242915872558197465e-01
2.785822731389099860e-01
2.414792273511827125e-01
1.839873519289439430e-01
1.519821119272214693e-01
1.013754026258580632e-01
8.168169548923687184e-02
7.903397613420812262e-02
1.782687457720161239e-01
1.730022622519050979e-01
2.361645710405913257e-01
2.608926579269444934e-01
2.885132309018182406e-01
3.290388309048905002e-01
3.043535201938611379e-01
3.049813049947596166e-01
2.880322275913708707e-01
2.829976498523252837e-01
2.078446936104831055e-01
1.366973434882894911e-01
9.649279956211877229e-02
8.902302261239629366e-02
1.149727402664779824e-01
2.195823272440306229e-01
2.614785759000397558e-01
3.778768447689266341e-01
4.526738876394060251e-01
5.460049575807709443e-01
6.161103590090861726e-01
6.862922942018446770e-01
7.761754413576155143e-01
7.731572235632955259e-01
8.312820274145610311e-01
8.680912988961750898e-01
8.037898420234254049e-01
8.124298848563660247e-01
7.917000542422722997e-01
7.146257858647276917e-01
6.291050816900057852e-01
5.535090676232593543e-01
4.782338746162636545e-01
3.973017014148595982e-01
2.362977580420308754e-01
1.580721472160414864e-01
8.949247805050369875e-02
1.803239943552804592e-01
2.962854810482709045e-01
4.130504212285692756e-01
5.522083021711646778e-01
6.218082483686458994e-01
7.214710899157235069e-01
8.469181339547964260e-01
8.992625616931165800e-01
9.505810741888697235e-01
9.791721288375531129e-01
9.726932079737089509e-01
1.021027578429783755e+00
9.557923564051817866e-01
9.399225904794634712e-01
8.837422252568379877e-01
8.311760045023400822e-01
7.200624937267512404e-01
6.443991830721713665e-01
5.472745971569336065e-01
3.977591757450408272e-01
2.793515504469454847e-01
1.529256056473209391e-01
6.413789557793851681e-02
1.463536231530440657e-01
2.712668216001281607e-01
4.104886622756990233e-01
5.081384467466144583e-01
5.786378094903181779e-01
6.626314683995444543e-01
7.094258796417720614e-01
7.570139752910924891e-01
7.846262310432429166e-01
7.979752752184745557e-01
7.713433087304460978e-01
8.164958944985839517e-01
7.411705541918641726e-01
7.691707183130306325e-01
6.435020166159449717e-01
6.136876930940788899e-01
5.186945472932471546e-01
4.258955370476701363e-01
4.091731220302780581e-01
2.773692565753212991e-01
1.646922034496332565e-01
8.797890527863576338e-02
9.173008735470203345e-02
1.217009777523416214e-01
1.713104669941405145e-01
2.251231306393242648e-01
2.297531878521374971e-01
2.912213681388893805e-01
3.199337950784636453e-01
3.267206598552832020e-01
3.082867085500298199e-01
3.036984468841726348e-01
2.884978690964857262e-01
2.577506183966237763e-01
1.918275074204729702e-01
1.443458143313933462e-01
1.206969765062272659e-01
8.467998621683719973e-02
1.434231609557324039e-01
2.932339521314079045e-01
3.819832483630826725e-01
4.938397150298395877e-01
6.085365879123805222e-01
6.623400903678303697e-01
7.221499483960840404e-01
7.643563193573921222e-01
7.494726594001100972e-01
7.246218969582407521e-01
6.650901903223788159e-01
5.987395268685669070e-01
4.678046037475933061e-01
3.657239574344251509e-01
1.979921317126041025e-01
8.859703856949320555e-02
1.709022351132469253e-01
3.249459537416374277e-01
4.817192369801330809e-01
6.709774190993461618e-01
8.637115530798427088e-01
9.918651543357634992e-01
1.136448506867052455e+00
1.232181732283645692e+00
1.356694566528596768e+00
1.403438079907576519e+00
1.454675735869140452e+00
1.475061325487028618e+00
1.483939461675229721e+00
1.389368164792804450e+00
1.346157247544457425e+00
1.238683405945885996e+00
1.116481911596550747e+00
9.259652577478144631e-01
7.470045730201780865e-01
5.334319319966761563e-01
2.856571159578690233e-01
1.017736766779323426e-01
1.696866475820247022e-01
3.928077532794008730e-01
6.447092796663074221e-01
8.664329515699401574e-01
1.054402933312751589e+00
1.273595396972884819e+00
1.407319580227541334e+00
1.555505857420480531e+00
1.669714257041061689e+00
1.774350193287362432e+00
1.776170921254096591e+00
1.837958124481622102e+00
1.762045351292974571e+00
1.746259219546110186e+00
1.639510915758661813e+00
1.536669191753190056e+00
1.411596682987754647e+00
1.226018766964437123e+00
1.055724250116163443e+00
8.720373986263725286e-01
6.436773979362198084e-01
4.572720668950807088e-01
2.276655690316000957e-01
7.022796425538706255e-02
2.234366943899303848e-01
4.082390546594000247e-01
5.751134440404253034e-01
7.553510505404480435e-01
8.824800503124614615e-01
1.015681977152105731e+00
1.112195193328783915e+00
1.173542551329917139e+00
1.240435791168134960e+00
1.234900098690133063e+00
1.254205907050462976e+00
1.200441906510021584e+00
1.142526323684919021e+00
1.083114393449791990e+00
9.764257063222130384e-01
8.299059313736850685e-01
7.224722593842559659e-01
5.788801387738617965e-01
4.379753850097092838e-01
3.050458686980067613e-01
1.500970532788500900e-01
9.241880230767796078e-02
1.513539014159681340e-01
2.402998873607771202e-01
3.358969658593776719e-01
4.035398640468985110e-01
4.674454834482312804e-01
5.044130824130481638e-01
5.618118796353025468e-01
5.172530033545386097e-01
5.211804774972740306e-01
5.114775247972054295e-01
4.330344637310817868e-01
4.081388327404700811e-01
3.258833085812531949e-01
2.390532997058946174e-01
1.663565920707200385e-01
1.147939532268950624e-01
7.678328584155347247e-02
1.279258732439059743e-01
2.037119628366794444e-01
2.739873853297298267e-01
3.281335754744058586e-01
3.864012858151385510e-01
4.443182653827446593e-01
4.580510283035685304e-01
4.582555691902072126e-01
4.446582299209811961e-01
3.710385597295070004e-01
4.065289611351656229e-01
3.301344928176393467e-01
2.038856568280010551e-01
1.571613980476203598e-01
7.415982920763941610e-02
1.649412446126300169e-01
2.206910140129862696e-01
3.816344056504552551e-01
4.959320057461075737e-01
5.660191981509419268e-01
7.437137626108000221e-01
8.264298231053434085e-01
8.589633716806417407e-01
9.887639274890577257e-01
1.029257541069149351e+00
1.043014522855786774e+00
1.058904946546861181e+00
1.077219266873418180e+00
1.017180547464609841e+00
9.921550279903285086e-01
9.119807775995076859e-01
8.025834811234222599e-01
7.013903818349781494e-01
5.847882638510167874e-01
4.327592769406006235e-01
2.883449097275952999e-01
1.328220545777925865e-01
9.114299069157524857e-02
2.234533882416197548e-01
3.790203816778136003e-01
5.205750923179286449e-01
6.892530354437165219e-01
8.496145736222123768e-01
9.238987590934333305e-01
1.075294676484826795e+00
1.127013959852774860e+00
1.214241730499522554e+00
1.239303476184251629e+00
1.259055253264077745e+00
1.219420564370423454e+00
1.219048389090095164e+00
1.186391014570561175e+00
1.085940648044300572e+00
1.009077265021461001e+00
8.897270609917414808e-01
7.792766686874785798e-01
6.107055770033570363e-01
4.721922752383133637e-01
2.912353045785205929e-01
1.743906818004909431e-01
7.972298826208268352e-02
2.226661927102741301e-01
3.300926520882238036e-01
4.816960384881815438e-01
6.214175720017547366e-01
6.830338576344215928e-01
8.427782998918135204e-01
8.801797051639197456e-01
9.619808719919308304e-01
9.621436372765048706e-01
1.000193278880048275e+00
9.484777427229080793e-01
9.827193599183358108e-01
8.819157823838582599e-01
8.666385160818744771e-01
7.731312848545609517e-01
6.596059302324215334e-01
6.009457603695329553e-01
4.964922525294677702e-01
4.225179003052814686e-01
2.924821392318047719e-01
2.280633214613034532e-01
9.412803159483949800e-02
8.434970784138053068e-02
1.209983349103018607e-01
2.161255911562252052e-01
2.673087010869236724e-01
3.051190869123651117e-01
3.715847506108628795e-01
3.656370815919260386e-01
3.886488821753714684e-01
3.779175327651482785e-01
3.747413161231666900e-01
3.328666184249560733e-01
2.373649417625909586e-01
2.463273053732042972e-01
1.290861495140698811e-01
1.155960108258450442e-01
8.606669184448108301e-02
9.482795460372664409e-02
1.977409197090160831e-01
2.323503005952359812e-01
2.773511383035218714e-01
3.497174555372660198e-01
3.918051515964922626e-01
4.124201621284876995e-01
4.305960902389214251e-01
3.912458773470592344e-01
4.130368277066415739e-01
3.975389476177699222e-01
3.367724991739888263e-01
2.840493412624997549e-01
2.018948737701365403e-01
1.671645615798805495e-01
8.830623419572965205e-02
8.368459659137565676e-02
1.284367052275428578e-01
2.815672203732428880e-01
3.684721989173476708e-01
4.417088797718172755e-01
5.186167349346597621e-01
6.482758062947671096e-01
6.532038538836171249e-01
7.982916453585775507e-01
7.777459126110450871e-01
8.633903236109936596e-01
7.927926453882550017e-01
