-6.149836004476231466e+01
-7.590371313988225666e+01
-8.853047460525290546e+01
-1.015949053241664473e+02
-1.125662860942641572e+02
-1.224136130960473139e+02
-1.309540532959896666e+02
-1.375640027121447986e+02
-1.423449431933908329e+02
-1.447946917215707572e+02
-1.451162414663472475e+02
-1.432231717375970277e+02
-1.388801647638257748e+02
-1.323270298351247902e+02
-1.235337945732272402e+02
-1.131536035990844908e+02
-1.003785268198115688e+02
-8.665053467365491713e+01
-7.074549696108331887e+01
-5.480199064834530276e+01
-3.747665369343955177e+01
-2.006460639385454314e+01
-1.997518604020382949e+00
1.484927847956745595e+01
3.182370948863002269e+01
4.782003145445788306e+01
6.286511843032226210e+01
7.674871827978077476e+01
8.811583993042486895e+01
9.802643185123817204e+01
1.061775583754998138e+02
1.118510046081999292e+02
1.155173864976021889e+02
1.169245028388461662e+02
1.159446510756822875e+02
1.131640540465256777e+02
1.080349089197706860e+02
1.010644735504828731e+02
9.255759568105507640e+01
8.235962568251241578e+01
7.122924912001086284e+01
5.876814209597943517e+01
4.607378004761385171e+01
3.276138266197805393e+01
1.897864739493758535e+01
5.822170519951724188e+00
-6.715529547878301919e+00
-1.892677432144438754e+01
-3.028809202185307825e+01
-4.064732755355544924e+01
-4.941170623822382169e+01
-5.705700317135507760e+01
-6.289940709219670367e+01
-6.741131334327148750e+01
-7.045903651896587405e+01
-7.189084897996200141e+01
-7.206430108560425651e+01
-7.070581499846731788e+01
-6.789432103279112596e+01
-6.462651023934670036e+01
-6.021745226517984406e+01
-5.474906509559775003e+01
-4.957652804727531048e+01
-4.370532494092583420e+01
-3.797513005183124335e+01
-3.245777322632677198e+01
-2.739717144309200592e+01
-2.299388901627752446e+01
-1.914413139729287039e+01
-1.587802647456134864e+01
-1.414298152611365644e+01
-1.292982594138684149e+01
-1.303033755985550535e+01
-1.399717165374946326e+01
-1.644020918676234544e+01
-1.950853469558188991e+01
-2.356559456307468281e+01
-2.853300072507956031e+01
-3.345598424340759180e+01
-3.886864269329445420e+01
-4.485265002280509350e+01
-5.018336056430754866e+01
-5.546823546499231128e+01
-6.013947411602180182e+01
-6.461232793700904153e+01
-6.793583089924635487e+01
-7.017392884585299839e+01
-7.096782529869544476e+01
-7.072234486017075028e+01
-6.893762420884711162e+01
-6.571629952794226881e+01
-6.095514585212227843e+01
-5.452775422968265673e+01
-4.740223548606183357e+01
-3.835099706142347742e+01
-2.855681735436102642e+01
-1.717028262459374588e+01
-5.054777995798227508e+00
7.373159947661831026e+00
2.028979110648651130e+01
3.313986841976968378e+01
4.579659414010544793e+01
5.842940535308233763e+01
7.001763386117528398e+01
8.092550132828377230e+01
8.996503987382035916e+01
9.788917971059895251e+01
1.038859644696193101e+02
1.085485368183893087e+02
1.107519953408542079e+02
1.112700957198476601e+02
1.094191891306989248e+02
1.052624429522857383e+02
9.919999012969829266e+01
9.147800218432711006e+01
8.186870263273938519e+01
6.987863254269949209e+01
5.698524640249740258e+01
4.229210520799365014e+01
2.692797128022377606e+01
1.061977511305592081e+01
-5.702079754376915055e+00
-2.259759283976948296e+01
-3.899554059507439518e+01
-5.492176008750789151e+01
-6.990767491666439071e+01
-8.391017331501318210e+01
-9.669878112276688853e+01
-1.079399611413869309e+02
-1.173142044529013219e+02
-1.249335294959806646e+02
-1.304051344928587639e+02
-1.338719634523294530e+02
-1.351943190691298753e+02
-1.347154133752472944e+02
-1.318150461183836626e+02
-1.271091724586324574e+02
-1.207578336603674245e+02
-1.122954665118219708e+02
-1.031352895754418171e+02
-9.234078903326468435e+01
-8.067794402353216299e+01
-6.836565870539885736e+01
-5.555852716968325211e+01
-4.251383795601656601e+01
-3.034668077746039216e+01
-1.780965077594742851e+01
-6.416598416932021820e+00
4.337771694604354522e+00
1.390304903907390432e+01
2.263131862023585228e+01
2.998041775758461114e+01
3.565965379890481302e+01
3.965085623502734791e+01
4.284453167583648536e+01
4.442418123354119786e+01
4.426586580946388239e+01
4.306917007922304208e+01
4.062824063365214045e+01
3.725284432636930632e+01
3.299166290225080189e+01
2.834272588458572528e+01
2.310190760806916899e+01
1.728109025239624685e+01
1.159250966825746687e+01
6.349161060508363263e+00
1.542246377463914797e+00
-2.891904108142494767e+00
-6.329417245743699461e+00
-9.012671454246035552e+00
-1.087093862983327952e+01
-1.184927617685724677e+01
-1.203667833274329269e+01
-1.059855802153079907e+01
-8.746588198954803772e+00
-5.721489601290099536e+00
-1.805017632297765795e+00
2.821789580636793637e+00
7.774379410316200278e+00
1.281473984632672192e+01
1.841912712141744279e+01
2.366269850462497004e+01
2.828235504379703968e+01
3.389546999116054593e+01
3.788851567778306872e+01
4.080968767143587428e+01
4.294122716876522361e+01
4.383811663589247587e+01
4.394918628309019937e+01
4.225875373369835586e+01
3.893446065700377545e+01
3.456899295022879670e+01
2.868741804965918263e+01
2.100241092772992957e+01
1.244870322472714186e+01
2.666011859604237255e+00
-8.167698190553943860e+00
-1.982611136620813852e+01
-3.146269947360536534e+01
-4.429633348762529010e+01
-5.716440764618673853e+01
-6.928135222355300016e+01
-8.157987846883460747e+01
-9.270886583239840206e+01
-1.032539912417692847e+02
-1.122989748161596566e+02
-1.200100946470883230e+02
-1.259668273607906599e+02
-1.301709401354451359e+02
-1.324954362740238878e+02
-1.329804531968445644e+02
-1.314896172779414201e+02
-1.274948308658988196e+02
-1.218268101205258773e+02
-1.142505419137801397e+02
-1.044175453221600378e+02
-9.298014648912347013e+01
-8.047668658497495642e+01
-6.649617021323791732e+01
-5.138083499940278642e+01
-3.552677230981593226e+01
-1.911076693672635685e+01
-2.994337458309071387e+00
1.298212489165530847e+01
2.855226440790768550e+01
4.330005432288093914e+01
5.707475016415097713e+01
6.942666383561984844e+01
8.064833576901348522e+01
9.009431482502374422e+01
9.723968804181406256e+01
1.028773684971561266e+02
1.062909505598099287e+02
1.074620911913139025e+02
1.067151715852220235e+02
1.042419625513254857e+02
9.942458187727085317e+01
9.314789984304591997e+01
8.528979446188301949e+01
7.586378721096100719e+01
6.552226953992257563e+01
5.406034427019066868e+01
4.218670769593504133e+01
2.952567474428131433e+01
1.729630841574329025e+01
4.432475169849221963e+00
-7.216177528275502517e+00
-1.864113582128204527e+01
-2.943826290527123746e+01
-3.909983261677246702e+01
-4.723563151106428393e+01
-5.418658929705105010e+01
-5.986260890833204940e+01
-6.404270029021145660e+01
-6.692033528260691355e+01
-6.814296188409807087e+01
-6.856061316275287254e+01
-6.700158321090626146e+01
-6.477728953318744232e+01
-6.114586822750220563e+01
-5.718786836594674128e+01
-5.252561324561972356e+01
-4.758910176160777894e+01
-4.200853265846465234e+01
-3.695555726315703282e+01
-3.171205221977663768e+01
-2.673545741714161750e+01
-2.224302909356582703e+01
-1.869212745970903811e+01
-1.609766080845155400e+01
-1.393691309862357919e+01
-1.317042822819158587e+01
-1.345678424521133110e+01
-1.629075872925672996e+01
-2.063149215517300661e+01
-2.668133786663537066e+01
-3.523489490206839747e+01
-4.468993624429037226e+01
-5.530373805306101076e+01
-6.638760364319522012e+01
-7.757528650968120587e+01
-8.857717493835875189e+01
-9.907796276647806621e+01
-1.082169131295167972e+02
-1.159941921782039032e+02
-1.221784963264419446e+02
-1.261705152996443360e+02
-1.275085384232915970e+02
-1.262874524312991440e+02
-1.228144778528867818e+02
-1.161177465907439910e+02
-1.064076673001409148e+02
-9.421158029342039697e+01
-7.929732429405795813e+01
-6.167467295996938503e+01
-4.242322319462727620e+01
-2.141444883827226064e+01
8.743660043460913522e-01
2.438672742687156259e+01
4.824424240243949669e+01
7.197944089159656755e+01
9.571850880607011902e+01
1.179846799857946706e+02
1.384943809414731675e+02
1.570127186665567933e+02
1.733890487258439919e+02
1.867549287243180629e+02
1.966304753477083977e+02
2.039824265290062328e+02
2.067560751935172334e+02
2.069133445403088274e+02
2.026631239973600600e+02
1.950824446508127039e+02
1.834533418487372387e+02
1.688187923361728053e+02
1.511443647470117071e+02
1.303870435569453434e+02
1.075056773773141714e+02
8.190896877943383458e+01
5.565626214364882429e+01
2.769178263762163539e+01
-6.150225205399988404e-01
-2.877517769634788181e+01
-5.639636801585624681e+01
-8.304298984862799671e+01
-1.078895634499152578e+02
-1.310612263407950877e+02
-1.517210900024445834e+02
-1.700375645644462850e+02
-1.850323149503696243e+02
-1.965900806174163620e+02
-2.050409148665768839e+02
-2.097494155836827474e+02
-2.112770929910506084e+02
-2.093646082958436239e+02
-2.043697980339581761e+02
-1.958199451974341798e+02
-1.849093092539461054e+02
-1.713580161214574105e+02
-1.557806146415641706e+02
-1.386533552335827437e+02
-1.196485295019768671e+02
-9.999888914901913495e+01
-7.981388650109251159e+01
-5.975943705535895845e+01
-3.970025478459587731e+01
-2.061799088060386254e+01
-2.939939272641079793e+00
1.344801983293339376e+01
2.825676617737718033e+01
4.108504133324162666e+01
5.197525696403717177e+01
6.055175719865577122e+01
6.670787661187667084e+01
7.087608320957147612e+01
7.263388312289021087e+01
7.263099294367137304e+01
7.021656689036753107e+01
6.660831325238288514e+01
6.107878588789417051e+01
5.472279614154903982e+01
4.716345347493995632e+01
3.932430058440998266e+01
3.134023328934174302e+01
2.323638016489938352e+01
1.531522468052792618e+01
8.209081040138560326e+00
1.461739942357722422e+00
-3.655085252033145160e+00
-7.901903673825160901e+00
-1.079951707846030473e+01
-1.200871081115759686e+01
-1.151524182215672631e+01
-1.028623574357625081e+01
-7.053496627439293398e+00
-2.621527923913344882e+00
2.438277368721673444e+00
8.829691499510198938e+00
1.563179708675109580e+01
2.270874548874012078e+01
2.999084848965011574e+01
3.806452090649290199e+01
4.504993458054567412e+01
5.119306748685887243e+01
5.688242153488487673e+01
6.113482716076193668e+01
6.367548207453066311e+01
6.482027285363365365e+01
6.435769428857489061e+01
6.198324030386693551e+01
5.745584638461667026e+01
5.089005663818648628e+01
4.272523735693236091e+01
3.290847263902507791e+01
2.118264047868481015e+01
7.802842904341711794e+00
-6.740860307582057231e+00
-2.218323531673589954e+01
-3.811468981816517498e+01
-5.447263357292079888e+01
-7.150501299547839551e+01
-8.777391465086290623e+01
-1.033183070883817862e+02
-1.179145735317276689e+02
-1.313067679522105209e+02
-1.428339230814470966e+02
-1.527575060607808837e+02
-1.604940690064526621e+02
-1.655597434163201456e+02
-1.681195685675960192e+02
-1.686867631713631965e+02
-1.660923687227981986e+02
-1.608696336244114775e+02
-1.530773232598841673e+02
-1.426823020437753087e+02
-1.301466744137420335e+02
-1.156124667036987574e+02
-9.886677700680579051e+01
-8.103396529648495061e+01
-6.149891200806700908e+01
-4.152798972472278649e+01
-2.128977282694848228e+01
-4.637826461460231586e-01
1.948832801368758894e+01
3.910432155430368795e+01
5.735699934176509629e+01
7.440247733653447426e+01
8.990688783693848052e+01
1.031681603264626261e+02
1.145036529694375531e+02
1.235875052487111248e+02
1.302986663951641049e+02
1.340947603518299616e+02
1.356098372985837273e+02
1.346635919890194089e+02
1.307651212519885178e+02
1.250729808117886392e+02
1.171035330898447739e+02
1.070154095318158483e+02
9.543922340841466223e+01
8.244429485299423277e+01
6.840981449297649419e+01
5.355275928347645475e+01
3.829196024872025816e+01
2.290826048759696221e+01
8.162331260807773603e+00
-6.147312312877818208e+00
-2.005763301995876091e+01
-3.264320540413230987e+01
-4.409029186518844767e+01
-5.397183744469477773e+01
-6.253951108077039578e+01
-6.915044583512012366e+01
-7.418178051224467140e+01
-7.711709110515043619e+01
-7.906526722868743207e+01
-7.872812618854180755e+01
-7.750156369555618596e+01
-7.457509323005261592e+01
-7.073003804685731666e+01
-6.558727539082707381e+01
-5.977280759293789458e+01
-5.383650764967489266e+01
-4.703900640774786268e+01
-4.099329377527003970e+01
-3.467836802217503589e+01
-2.924010358120183994e+01
-2.405039174952266734e+01
-1.971094379727518842e+01
-1.650615546556270274e+01
-1.417729044764865520e+01
-1.303605121584159754e+01
-1.332531878130336800e+01
-1.443435341530272176e+01
-1.692670769575719447e+01
-2.036892755082878992e+01
-2.434916779526550101e+01
-2.925028515847105126e+01
-3.539538168152736830e+01
-4.129800304527650923e+01
-4.756688565657977108e+01
-5.348916097527974500e+01
-5.948758013738793693e+01
-6.455197457789384430e+01
-6.943381563455599803e+01
-7.291120565974480883e+01
-7.533539976664430071e+01
-7.640104433716535937e+01
-7.589305430277497067e+01
-7.399086526025665478e+01
-7.040624957740587320e+01
-6.491924388909859545e+01
-5.856386263921960733e+01
-5.031816794370742230e+01
-4.051910606011006166e+01
-2.956898360996567732e+01
-1.769350476538443928e+01
-4.568479387105495171e+00
8.991514050646534528e+00
2.277157091656849985e+01
3.655472869545280901e+01
5.037426795331423079e+01
6.334845714155496665e+01
7.604323414761546474e+01
8.725929826937309031e+01
9.714196457954419373e+01
1.058384170137771463e+02
1.121995599635303194e+02
1.168827593364051154e+02
1.192642365189070972e+02
1.192511337951410439e+02
1.175867942560140449e+02
1.133124546143657341e+02
1.065007640158428615e+02
9.834779377331193473e+01
8.786536639623501799e+01
7.516256212538864645e+01
6.133844699494992625e+01
4.608640155894676838e+01
2.984440772773394812e+01
1.235399635835935150e+01
-5.029336192402531047e+00
-2.285082913326433740e+01
-4.013386364980556209e+01
-5.701332771800259280e+01
-7.320588784546220040e+01
-8.805831201365519689e+01
-1.016783329611434112e+02
-1.135706121926154992e+02
-1.234958659550798927e+02
-1.315805054691321914e+02
-1.371659102310176763e+02
-1.411421450871371519e+02
-1.423130960855535534e+02
-1.414871040594504734e+02
-1.383930173309167060e+02
-1.336317338560665462e+02
-1.263735073731254630e+02
-1.177561633770899334e+02
-1.080161327832985450e+02
-9.635842851062069769e+01
-8.395112375044018904e+01
-7.107779170179843220e+01
-5.772876410585870843e+01
-4.420085154307546560e+01
-3.084866564624884688e+01
-1.819394657561106854e+01
-5.960222868671950280e+00
5.230456458773168116e+00
1.552815084761595266e+01
2.448735057576021035e+01
3.176080653537768583e+01
3.763859841621026447e+01
4.216483352235727011e+01
4.537871598611579316e+01
4.681838371784166242e+01
4.680251684527341638e+01
4.544696300930792887e+01
4.293977796580593065e+01
3.919351066286802876e+01
3.502960487859749605e+01
2.980495118073770655e+01
2.464426116514996323e+01
1.864087680826841265e+01
1.288218125261465730e+01
7.481457462670213054e+00
1.985892483609360770e+00
-2.296512603460423296e+00
-5.900679627288864637e+00
-9.029792193548725976e+00
-1.103834038468168544e+01
-1.154987866324274570e+01
-1.167392373224069146e+01
-1.070940307364458910e+01
-8.511051137201981476e+00
-5.329809021953685111e+00
-1.568665260375245341e+00
2.949488066899685013e+00
7.963701435337383394e+00
1.367637209697590173e+01
1.916761869706350652e+01
2.509892263421180303e+01
3.038327852965664633e+01
3.531519952489180270e+01
3.957700869813546518e+01
4.296353249233715843e+01
4.516188042916488143e+01
4.602732672130953517e+01
4.569271319861373115e+01
4.413171506166168712e+01
4.069550186210880582e+01
3.590648724702607808e+01
3.002193017980839329e+01
2.247221060084083177e+01
1.329573440583389043e+01
2.953372994251946881e+00
-7.885159814839503234e+00
-2.000748127281491762e+01
-3.255020952041878246e+01
-4.536555809938115402e+01
-5.851750416243761066e+01
-7.093869696221946697e+01
-8.327697086066946497e+01
-9.508229655106669043e+01
-1.059202766957249082e+02
-1.153083295858840103e+02
-1.232385718883248700e+02
-1.291621785157145723e+02
-1.339800017203440632e+02
-1.362610386009634453e+02
-1.365868970033201606e+02
-1.347640267382389538e+02
-1.305215578480572844e+02
-1.246526688301067196e+02
-1.166465456578124105e+02
-1.066673478595957931e+02
-9.509121045311097475e+01
-8.199346160887229473e+01
-6.754355528226126637e+01
-5.216310100176566777e+01
-3.627457110827086240e+01
-1.946004392704189456e+01
-3.215062615912502864e+00
1.363873368584288848e+01
2.924064335060247899e+01
4.473303804479147061e+01
5.869323488646845277e+01
7.143531600066617671e+01
8.285817622352966794e+01
9.200851140509345782e+01
9.978477927218089860e+01
1.048764751059127036e+02
1.088787318742195964e+02
1.098357583380929299e+02
1.093088321959551621e+02
1.064988669317289833e+02
1.017901614331156566e+02
9.520166782434785091e+01
8.735532903707573382e+01
7.767930054398993889e+01
6.708721905553503007e+01
5.558702757784929105e+01
4.315275035919207625e+01
3.056363726355652588e+01
1.737077874668445787e+01
4.807418420037687490e+00
-7.259464153832850819e+00
-1.885521064677305603e+01
-2.947609149951271235e+01
-3.952393964190113707e+01
-4.781402760254987783e+01
-5.491658921212778921e+01
-6.081258384868485223e+01
-6.510641738071154805e+01
-6.797960067990628374e+01
-6.930474773963392465e+01
-6.939969621876197436e+01
-6.824191551511954401e+01
-6.590316318825793473e+01
-6.252267515197583947e+01
-5.810584623683279659e+01
-5.333473290856156979e+01
-4.774921507672856791e+01
-4.255933654850920789e+01
-3.706904018050772009e+01
-3.162173101370187212e+01
-2.704448572360920977e+01
-2.239732313794603868e+01
-1.869205491544423481e+01
-1.570222018956448373e+01
-1.395793100848939616e+01
-1.288541532189024075e+01
-1.327418244440147355e+01
-1.394715654730131327e+01
-1.619540055930740152e+01
-1.941273814746524451e+01
-2.299821995568823851e+01
-2.772519472245078376e+01
-3.266629909598687220e+01
-3.824742023086858467e+01
-4.377471746626611804e+01
-4.902440993208654874e+01
-5.404935857933453036e+01
-5.885204709728122197e+01
-6.316735605136021547e+01
-6.609199746156558319e+01
-6.811818535022133858e+01
-6.900932066265552578e+01
-6.912451685142899294e+01
-6.721725077893533751e+01
-6.404519841397345203e+01
-5.962226582402841757e+01
-5.359928326330128101e+01
-4.629494832921935199e+01
-3.753616603657712147e+01
-2.793719954617931833e+01
-1.699161412084938760e+01
-5.399687045085860504e+00
6.450872425290786083e+00
1.952143871693069599e+01
3.207868780139084208e+01
4.415715719451158350e+01
5.629369901558288802e+01
6.785315816820725843e+01
7.810064462004834240e+01
8.717898489152604213e+01
9.468162127604247758e+01
1.010324316756120169e+02
1.051248229269038035e+02
1.072677432961053654e+02
1.077852308498252256e+02
1.060897626233530815e+02
1.022263104737754986e+02
9.652899858730417293e+01
8.863855800363641890e+01
7.908213856845591749e+01
6.818022191246417663e+01
5.535085801274986039e+01
4.109215052350045028e+01
2.626479140216550334e+01
1.035943661560722262e+01
-5.550858261168585273e+00
-2.210337744875561938e+01
-3.823606005332722901e+01
-5.344292679447534766e+01
-6.812843206763723458e+01
-8.198793306861681174e+01
-9.449741021043816147e+01
-1.053037018501397739e+02
-1.148556178750360317e+02
-1.223731708016885449e+02
-1.278472278725863163e+02
-1.315013574930993911e+02
-1.328769217929107640e+02
-1.321877059398334495e+02
-1.296544909124190212e+02
-1.250723261058660114e+02
-1.184284221767760670e+02
-1.105930465211506544e+02
-1.012346612346812975e+02
-9.073003513804385989e+01
-7.931340241190814311e+01
-6.736965701974685317e+01
-5.478959819873284687e+01
-4.258336774940034530e+01
-3.008716444405675716e+01
-1.810922938417998651e+01
-6.560120848336254085e+00
4.426167398394792230e+00
1.363145421830414072e+01
2.226340394717961857e+01
2.873674841285942350e+01
3.472865948327180519e+01
3.937112470382029983e+01
4.211479439730705820e+01
4.329796849942439252e+01
4.328147807024541294e+01
4.204031571521967692e+01
3.981144142608859227e+01
3.623665174204437278e+01
3.221387123082423898e+01
2.768675260196477339e+01
2.233076469259212615e+01
1.678910155973104779e+01
1.141602191386073351e+01
6.404900202245348062e+00
1.541199476986172989e+00
-2.840436491085232884e+00
-6.462213720418139573e+00
-8.897562677218726179e+00
-1.092073765331626412e+01
-1.192767558916198745e+01
-1.152590321078236535e+01
-8.858300172529560257e+00
-4.158222653939567692e+00
2.104745032186777998e+00
1.019577092311297051e+01
1.967363829764018135e+01
2.991586837973438762e+01
4.117294785839646920e+01
5.243502583723339683e+01
6.351967677309373528e+01
7.377425316817311796e+01
8.331900361350990636e+01
9.112334321489127831e+01
9.727343299947065702e+01
1.011961773190548115e+02
1.026152797282764766e+02
1.013785392286004168e+02
9.731538683041011950e+01
9.072045799837488289e+01
8.147349466743206392e+01
6.889888562758675050e+01
5.394500679772167473e+01
3.667286883596096203e+01
1.752316725694772970e+01
-3.622160234725829930e+00
-2.613182104461800392e+01
-4.947765032940431240e+01
-7.320105593706971092e+01
-9.728803397252376328e+01
-1.204955571222563435e+02
-1.425874242104384564e+02
-1.633470077980568647e+02
-1.820926204512691413e+02
-1.984348262114399404e+02
-2.118506362680446387e+02
-2.224395186652768359e+02
-2.292943604582936530e+02
-2.323746776649400374e+02
-2.321895987813522311e+02
-2.283194458855259086e+02
-2.206338452802338281e+02
-2.089921412132654552e+02
-1.943219781258625289e+02
-1.762073618191422213e+02
-1.554423255632704013e+02
-1.324794123165462736e+02
-1.075334654604318416e+02
-8.064833744874322008e+01
-5.299836674323997698e+01
-2.471749079834893692e+01
3.559068317386320235e+00
3.095625070084086872e+01
5.777476751183460379e+01
8.254745223996755499e+01
1.058305028702956605e+02
1.264024256855173860e+02
1.443453802837302931e+02
1.594672780449727441e+02
1.713136691266219032e+02
1.797135902725220262e+02
1.847908620423148705e+02
1.860967039544621286e+02
1.842719021364957257e+02
1.789166391637010634e+02
1.709186775576467596e+02
1.597852539566587495e+02
1.462260147904017344e+02
1.305975161523317354e+02
1.131672113272212670e+02
9.452633324004236215e+01
7.484860998144031896e+01
5.470676231859033578e+01
3.461673915152115910e+01
1.473482882546709405e+01
-4.041034034314071377e+00
-2.212944403476374688e+01
-3.879951966060551882e+01
-5.351421290196245906e+01
-6.614482283369721927e+01
-7.706108100225512203e+01
-8.552845559933474817e+01
-9.213200172217241857e+01
-9.600962352744323880e+01
-9.776586955381141308e+01
-9.753824033357160772e+01
-9.542567488582282920e+01
-9.169784253916853345e+01
-8.651821834539464362e+01
-8.007676613353282846e+01
-7.277317581802789448e+01
-6.462813997051922854e+01
-5.635373425042307360e+01
-4.868120905801190901e+01
-4.057594789868860374e+01
-3.336489218004091839e+01
-2.700062392538210432e+01
-2.148924087818624784e+01
-1.741509626992210968e+01
-1.474059642588681207e+01
-1.332487780165433655e+01
-1.334489915117041292e+01
-1.495283413094212044e+01
-1.787960475157371221e+01
-2.223223288102409612e+01
-2.750487999906393810e+01
-3.368165453152680300e+01
-4.067060325753944738e+01
-4.826920679138383008e+01
-5.576076528305514302e+01
-6.328366279814334661e+01
-6.990210185983841029e+01
-7.612181944319347338e+01
-8.217230681844894491e+01
-8.615455351462777855e+01
-8.891422637780273419e+01
-9.046234786591645616e+01
-8.950975100102728277e+01
-8.719342189123590003e+01
-8.304394569850727237e+01
-7.626801735482695221e+01
-6.825867457254028636e+01
-5.831651465711603066e+01
-4.600948668423409060e+01
-3.310560234557756587e+01
-1.868436164450158898e+01
-2.939938320225452095e+00
1.309327258626360013e+01
2.937799514566269110e+01
4.607512538681644543e+01
6.232700036288562728e+01
7.781388358877532596e+01
9.268869446297881609e+01
1.059571355982830738e+02
1.175844545863625257e+02
1.274361843996434516e+02
1.350308296941131232e+02
1.402297230758772173e+02
1.430722788022608825e+02
1.431623500449104824e+02
1.405664977561932858e+02
1.354360106645721089e+02
1.276572608562199633e+02
1.175732928242696858e+02
1.046368460033258003e+02
9.016035983423989819e+01
7.376281683145884926e+01
5.566005604841338794e+01
3.655377000107119301e+01
1.650024091186056907e+01
-3.842335133076942633e+00
-2.426134969974713584e+01
-4.417374433237677778e+01
-6.399721534730715433e+01
-8.244065867158953154e+01
-9.951227291434942401e+01
-1.149205011393202227e+02
-1.285433773117167675e+02
-1.399009062456444497e+02
-1.488707564135821713e+02
-1.553070915850858285e+02
-1.591980753079583906e+02
-1.610110925075447597e+02
-1.597473034579176385e+02
-1.559622992755358837e+02
-1.503517065639838108e+02
-1.420095193493590386e+02
-1.325002776440603327e+02
-1.209019874468562676e+02
-1.077270652188774420e+02
-9.364998438683440440e+01
-7.889028988806029474e+01
-6.380003324073551596e+01
-4.865553253455666294e+01
-3.366272092898648793e+01
-1.890680595996544966e+01
-5.452882076690523050e+00
7.758353424149898814e+00
1.879593661997326137e+01
2.886044265338958681e+01
3.715456234832156213e+01
4.410308177788781592e+01
4.899301161949571792e+01
5.231722895608836410e+01
5.382585009611172921e+01
5.344512945749381316e+01
5.225937289211110226e+01
4.925954180399651250e+01
4.510661983065357816e+01
4.025133167435579651e+01
3.447199263329672192e+01
2.807922738702566434e+01
2.186062571592766801e+01
1.536200163682844355e+01
9.417894887091248890e+00
3.277026143121916313e+00
-1.217285680871222464e+00
-5.502188106476157081e+00
-8.671351856779956790e+00
-1.068519847892095065e+01
-1.179428399998939092e+01
-1.178691284838795994e+01
-1.055348266576347882e+01
-7.817069750354270319e+00
-4.750747667670627727e+00
-5.274428718440565822e-01
4.580710220089270202e+00
1.019125492166221925e+01
1.626391428532994254e+01
2.227657103678743411e+01
2.808920113234887950e+01
3.421060594241251351e+01
3.951040872466910514e+01
4.405480497819171148e+01
4.749212232289703195e+01
4.985795975223765453e+01
5.114959936309126931e+01
5.053420895510869570e+01
4.902442951489256018e+01
4.539642101842458999e+01
3.992187353555963369e+01
3.311228268622311077e+01
2.531893298633610101e+01
1.542852764054382142e+01
4.673394709056764462e+00
-7.437589833567056274e+00
-2.051328619411328802e+01
-3.401605934854883628e+01
-4.781483156876240059e+01
