-1.200235224675379868e+02
-1.325317660022203938e+02
-1.467668925832198568e+02
-1.599059935199492486e+02
-1.715987849494077295e+02
-1.815484362047877767e+02
-1.894722452779405160e+02
-1.953329475042058334e+02
-1.989706008106187198e+02
-2.003014631366314973e+02
-1.992415131095577010e+02
-1.957750775881259813e+02
-1.899284802522600444e+02
-1.818977259621799476e+02
-1.718243649357193590e+02
-1.595517744575440418e+02
-1.453378682004218376e+02
-1.297929574747955996e+02
-1.131902687342199982e+02
-9.571518682527991473e+01
-7.761212614710414925e+01
-5.916562257913814449e+01
-4.092813676301842207e+01
-2.324589767904242166e+01
-6.259825044653632986e+00
9.904682666056190854e+00
2.480020413783871902e+01
3.807788845655112198e+01
4.968766320376005297e+01
5.919829432130440239e+01
6.654089869608668550e+01
7.151379502253881526e+01
7.393071969623332507e+01
7.404931141540612316e+01
7.200047447982508686e+01
6.777070781078339223e+01
6.141055930290180243e+01
5.325855053607730838e+01
4.361892224816943298e+01
3.259673063046750485e+01
2.029612062559743890e+01
7.090100798551586259e+00
-6.565820280024659006e+00
-2.044883886448372934e+01
-3.432635197930684257e+01
-4.776918408051601261e+01
-6.065823776264810618e+01
-7.303273870856256167e+01
-8.446398547582512606e+01
-9.456687703400893952e+01
-1.032122813682167362e+02
-1.102715088910780423e+02
-1.155921602278008322e+02
-1.193458139414437653e+02
-1.217418548631190873e+02
-1.226772266023187683e+02
-1.220382583989675425e+02
-1.199530916343348963e+02
-1.167001640053190386e+02
-1.125329428094789250e+02
-1.077217288634350894e+02
-1.024719242954927267e+02
-9.691980300758451961e+01
-9.125743978255989930e+01
-8.576977689651829451e+01
-8.055422681527679174e+01
-7.570746472662736437e+01
-7.137960038763485215e+01
-6.783142265281767891e+01
-6.511013570101778214e+01
-6.336707518496108804e+01
-6.256574508013122227e+01
-6.276202877181415829e+01
-6.409862852905308728e+01
-6.668117837684251015e+01
-7.040289215927599287e+01
-7.508279753100151765e+01
-8.051642409624221841e+01
-8.647714859292231893e+01
-9.261710643317884717e+01
-9.839813924034019976e+01
-1.036745062661964027e+02
-1.085665969992084996e+02
-1.130026996601001770e+02
-1.167108096523765681e+02
-1.195293855878867504e+02
-1.213371149464286987e+02
-1.218265683131284618e+02
-1.207739795935645759e+02
-1.179918537701991852e+02
-1.135105456749090820e+02
-1.073951787664900763e+02
-9.988238921404720827e+01
-9.129268451619965674e+01
-8.167693134464755644e+01
-7.080225276120701494e+01
-5.878511516758351263e+01
-4.605511997658696544e+01
-3.281167704386249540e+01
-1.929885111056820790e+01
-5.780776570415903315e+00
7.433250328008979224e+00
2.012263455097066256e+01
3.185072381842776323e+01
4.225716708169605340e+01
5.129214237276288202e+01
5.867046445571062208e+01
6.415976324638936035e+01
6.758977449626326006e+01
6.875916338166486241e+01
6.759642812881465090e+01
6.416699369459784918e+01
5.883951928675919163e+01
5.162851142831965490e+01
4.227662227490976932e+01
3.091220586555495231e+01
1.783559791402774053e+01
3.344653641708492664e+00
-1.232336948813735411e+01
-2.888483800350569908e+01
-4.594500794720341474e+01
-6.312910682205696844e+01
-8.034176599582988842e+01
-9.718667465050887699e+01
-1.132099574456271114e+02
-1.283030896583551339e+02
-1.423273599947381456e+02
-1.549427533435976727e+02
-1.658227818629287071e+02
-1.747254364010315157e+02
-1.813909089077680790e+02
-1.860408197888637858e+02
-1.886877971845638911e+02
-1.891329199572479070e+02
-1.874905033651796771e+02
-1.837686757996076210e+02
-1.779755979572332762e+02
-1.702942507497331803e+02
-1.608270700717258421e+02
-1.499849214905277961e+02
-1.382649687452474154e+02
-1.258784122493014337e+02
-1.128143071178912464e+02
-9.943940861661162955e+01
-8.615000449231671098e+01
-7.322398342180986219e+01
-6.084915853506136330e+01
-4.936388520021085213e+01
-3.885013470985669670e+01
-2.934862135734466193e+01
-2.105320771510524835e+01
-1.423456816927196655e+01
-9.013770006531894197e+00
-5.317532964071693513e+00
-3.020095528850791133e+00
-2.025245468394719417e+00
-2.504086153479430532e+00
-4.374109737115352559e+00
-7.330938916059981381e+00
-1.116652726101828819e+01
-1.580627840879714796e+01
-2.123897227863635351e+01
-2.713327779955563201e+01
-3.316215671928582509e+01
-3.904096477228156203e+01
-4.424434240207999380e+01
-4.859059859558527705e+01
-5.214905022501255871e+01
-5.506021568008745248e+01
-5.733401217444180986e+01
-5.876138761701744784e+01
-5.910800535172777614e+01
-5.839417003388261662e+01
-5.649522920821653571e+01
-5.357438261360704246e+01
-4.992420030155373212e+01
-4.571800050848823815e+01
-4.102263762970198258e+01
-3.602674242514984826e+01
-3.084129884553101064e+01
-2.538362988077828675e+01
-1.969625067126375839e+01
-1.435178544487053287e+01
-9.820245497095866583e+00
-6.268380761594564810e+00
-3.710786072618279974e+00
-2.099086211951308734e+00
-1.679454053178177197e+00
-2.706830492141935274e+00
-5.211565058412171325e+00
-9.284154169322464512e+00
-1.493438273605250899e+01
-2.222506036213307468e+01
-3.101143053337866462e+01
-4.105950130143988019e+01
-5.185741171831767105e+01
-6.329786272238481359e+01
-7.558648447924095137e+01
-8.862613171118005084e+01
-1.020243744291568220e+02
-1.152135086267504818e+02
-1.278973328820605389e+02
-1.399353114842944876e+02
-1.511117425481390057e+02
-1.610136057898346564e+02
-1.694839358803895948e+02
-1.765260059423409587e+02
-1.820846829577056667e+02
-1.859060758631683825e+02
-1.875500633795224701e+02
-1.869690230945982989e+02
-1.840423439427726464e+02
-1.788934708251790653e+02
-1.716197052952899469e+02
-1.622872227879113893e+02
-1.509851904288425430e+02
-1.382007861100923947e+02
-1.243517552106368385e+02
-1.092941673603312012e+02
-9.313111902844289602e+01
-7.632690448704201458e+01
-5.923422085553714567e+01
-4.227955757074862930e+01
-2.577323701265562406e+01
-9.985841180355077285e+00
4.893141171860977856e+00
1.856107262202720065e+01
3.081946665792542106e+01
4.146498549739173711e+01
5.031002146289312549e+01
5.709038944918967218e+01
6.149541357069663405e+01
6.357971596183512730e+01
6.367322247255680168e+01
6.189782631542472302e+01
5.831372541427258938e+01
5.299072288143707965e+01
4.591508976498791839e+01
3.722561436600342688e+01
2.693604177610225037e+01
1.521550741763996406e+01
2.540232933414432459e+00
-1.042179495204554129e+01
-2.333736702488421599e+01
-3.615447643643768316e+01
-4.870298169303277547e+01
-6.076371736042993632e+01
-7.206881819040866333e+01
-8.240918547844985653e+01
-9.170307415984052568e+01
-9.970880662650048976e+01
-1.063430711075399131e+02
-1.114129811434925443e+02
-1.149334506422298432e+02
-1.170533150314500404e+02
-1.178461509486234320e+02
-1.173251430266006849e+02
-1.156673031537952596e+02
-1.128376916748242422e+02
-1.089066707624590151e+02
-1.043036867756947714e+02
-9.939558167890160689e+01
-9.428678894916203035e+01
-8.928832190313585215e+01
-8.443769959433721795e+01
-7.949915736540300770e+01
-7.469242122325249511e+01
-7.039123873609521809e+01
-6.675848691120752676e+01
-6.393483028037267957e+01
-6.234186036874884707e+01
-6.223076582195123052e+01
-6.387734148669564149e+01
-6.755026021285506488e+01
-7.335500101916863969e+01
-8.143122830404934120e+01
-9.128680309004629123e+01
-1.022575051713638032e+02
-1.136794040552739062e+02
-1.252281139463026705e+02
-1.365659719959412541e+02
-1.472832257283789374e+02
-1.570932053821878469e+02
-1.657035138855345338e+02
-1.729112433399539839e+02
-1.781459411972675184e+02
-1.810156687570251961e+02
-1.812344357708154519e+02
-1.786306595971216495e+02
-1.729014408722754865e+02
-1.638964381004229267e+02
-1.517615410596188497e+02
-1.369315955599518873e+02
-1.197282604320311066e+02
-1.003382530988722294e+02
-7.907927480369998818e+01
-5.628580942114951569e+01
-3.227894711619920542e+01
-7.552439164947939432e+00
1.728921583455839084e+01
4.182461954670431226e+01
6.563081959387957909e+01
8.815546315988642334e+01
1.086488994127146270e+02
1.264876651423379172e+02
1.416113439738103352e+02
1.537462988596973616e+02
1.623857165248756189e+02
1.671501376939184524e+02
1.681456764054261157e+02
1.655667706357920679e+02
1.593733475554438428e+02
1.496136621669964768e+02
1.360965194207309139e+02
1.188346646865948912e+02
9.846122337974972538e+01
7.542277274309581969e+01
5.014668326812705601e+01
2.304839539993317032e+01
-5.343978764932740155e+00
-3.451294486616891533e+01
-6.396112128618103299e+01
-9.314923308551945524e+01
-1.213720566771296063e+02
-1.481652286531706011e+02
-1.730738083887724486e+02
-1.957669022633085376e+02
-2.159750817266488525e+02
-2.332702747671281145e+02
-2.471580863027195392e+02
-2.573368473923698048e+02
-2.640519086822200165e+02
-2.673525769199432602e+02
-2.671857566536102127e+02
-2.636661597026408685e+02
-2.568614388107762920e+02
-2.468855257960921961e+02
-2.342468814066317293e+02
-2.192833494213227539e+02
-2.021800604024247718e+02
-1.834270385632498517e+02
-1.633768995243738971e+02
-1.424463702839356642e+02
-1.212281637513078891e+02
-1.003708358203397637e+02
-8.037245249816844250e+01
-6.134669822553683360e+01
-4.354745152075604864e+01
-2.727087488993405984e+01
-1.283074330346768122e+01
-5.440680164420745868e-01
9.410454614935128248e+00
1.698896572057552845e+01
2.234825792716896942e+01
2.558828899032547355e+01
2.660928791895693024e+01
2.562781117205688730e+01
2.273294612680599514e+01
1.797250440775447089e+01
1.173460628478306056e+01
4.476467313279776761e+00
-3.295483960380653166e+00
-1.140181487997761955e+01
-1.994194084009085088e+01
-2.854770518411624636e+01
-3.662014538626326754e+01
-4.365367790894363509e+01
-4.924632122896868225e+01
-5.333359187772519761e+01
-5.600304227232365406e+01
-5.733116771082794827e+01
-5.740982813817193886e+01
-5.629170860081721628e+01
-5.396212299023288494e+01
-5.053621815164485298e+01
-4.594928153602977261e+01
-4.022930556556798365e+01
-3.373267235285396737e+01
-2.676693572019707545e+01
-1.929320950313188732e+01
-1.135300176557648122e+01
-3.629684010537369332e+00
3.375206783067091543e+00
9.422202147402240158e+00
1.428331162696771806e+01
1.773861493070678108e+01
1.955953412819190262e+01
1.946851056726259088e+01
1.733168505483257249e+01
1.333376858065838633e+01
7.428329650291065178e+00
-2.683776946393764407e-01
-9.712819510703580406e+00
-2.098470809297964124e+01
-3.403691139112738284e+01
-4.855309507634101607e+01
-6.407369766525401644e+01
-8.032912854133574854e+01
-9.716739863770000341e+01
-1.142986015552044847e+02
-1.314446636973297871e+02
-1.482539218866373574e+02
-1.642283795961242276e+02
-1.788988189258533623e+02
-1.920599908975430026e+02
-2.033760539211299658e+02
-2.124054163265289503e+02
-2.188871225926642978e+02
-2.227982411429453862e+02
-2.241601141649736917e+02
-2.228794080407336082e+02
-2.188207381534231217e+02
-2.118633380130848423e+02
-2.023524404520520648e+02
-1.906758360674272410e+02
-1.766635707028934519e+02
-1.602648961047209752e+02
-1.418900800539943248e+02
-1.221066000176254818e+02
-1.015025094814271114e+02
-8.050552970215107962e+01
-5.917828012264158843e+01
-3.787679656121386529e+01
-1.710776839189899334e+01
2.531346970383801409e+00
2.085133587705765024e+01
3.773435594812809768e+01
5.295230725554736040e+01
6.605310564719788147e+01
7.670447352834096932e+01
8.481880201374214323e+01
9.023815660355886337e+01
9.302233527495083365e+01
9.328296502433479986e+01
9.093890093252730367e+01
8.596109939840073366e+01
7.848233402688660476e+01
6.884733690072326340e+01
5.745033408557453924e+01
4.482529181562686915e+01
3.115619412133866462e+01
1.649583384959909083e+01
9.011719830137786547e-01
-1.510765479714541115e+01
-3.106835236848302628e+01
-4.641751028357751352e+01
-6.086727282780943682e+01
-7.427516954174174657e+01
-8.663621976000376890e+01
-9.763220777141820861e+01
-1.070617855461964041e+02
-1.148860953575740353e+02
-1.210713742647418201e+02
-1.255717061572013478e+02
-1.284096529792928436e+02
-1.295887714423960801e+02
-1.290800052307727981e+02
-1.269948912981911207e+02
-1.234712004405662071e+02
-1.186533568630204343e+02
-1.128704724730306168e+02
-1.064478947224182264e+02
-9.980291556172039691e+01
-9.345943749353631347e+01
-8.754464148280688107e+01
-8.182345698694753366e+01
-7.622548341618185930e+01
-7.107715306361973262e+01
-6.685508164109413087e+01
-6.383432727426369979e+01
-6.220690111538655742e+01
-6.191226725456132840e+01
-6.285259463511214761e+01
-6.484820383288084145e+01
-6.782300628418060739e+01
-7.174512537697242465e+01
-7.665940998011949148e+01
-8.249551979573251970e+01
-8.886615197965551260e+01
-9.534074119633707767e+01
-1.016954975911268662e+02
-1.078131569576973163e+02
-1.133313727147349965e+02
-1.181822861873055501e+02
-1.223442555763105446e+02
-1.253943277411432575e+02
-1.271344042926187683e+02
-1.274326303616299896e+02
-1.261046855459334353e+02
-1.231009972123372336e+02
-1.183484181740759027e+02
-1.119088526756342219e+02
-1.037450985214180150e+02
-9.403901689193753555e+01
-8.311064128417827135e+01
-7.104994470297147302e+01
-5.793227021405060384e+01
-4.384725582773722152e+01
-2.932840733810706624e+01
-1.492027181129869895e+01
-7.833485968420579315e-01
1.289289631155192595e+01
2.590711626910648846e+01
3.812238224844554679e+01
4.935572739576858936e+01
5.912979824389139338e+01
6.695897368993244925e+01
7.259571155861880243e+01
7.604000850741958573e+01
7.725964012189699304e+01
7.626130657284645054e+01
7.283105944704855972e+01
6.694620440666241734e+01
5.891394994549509079e+01
4.896190145467333110e+01
3.723330256357331081e+01
2.370565636948685295e+01
8.274201502973269839e+00
-8.579627758967786733e+00
-2.621567837487059904e+01
-4.433695052232204858e+01
-6.261956178723144717e+01
-8.085758700671655674e+01
-9.866698610691699400e+01
-1.158035056844662734e+02
-1.321003338318359965e+02
-1.470285345922021918e+02
-1.602247876668493234e+02
-1.715455013629646430e+02
-1.808903538224839735e+02
-1.882768916748580352e+02
-1.935976890326094804e+02
-1.964128991512621383e+02
-1.964209643628598485e+02
-1.938743593208477876e+02
-1.892708786755689516e+02
-1.830323416177530760e+02
-1.752988779619351192e+02
-1.657520573548123366e+02
-1.543498425863663215e+02
-1.416940232148525922e+02
-1.283183966445349711e+02
-1.144162442084599434e+02
-1.004175482437563716e+02
-8.667010592391025625e+01
-7.333637591619245200e+01
-6.047378632283587763e+01
-4.820311637375965574e+01
-3.695415720474715471e+01
-2.718950279167853878e+01
-1.894913945379704856e+01
-1.206505133993437440e+01
-6.591681910841840519e+00
-2.711485887402679040e+00
-4.653814207770631262e-01
3.149831120688662001e-01
-2.355988130602205133e-01
-2.048527033841195610e+00
-4.936316189006070942e+00
-8.746885383172491757e+00
-1.337045953453115743e+01
-1.861089488637609435e+01
-2.444861253526174849e+01
-3.067787138497061150e+01
-3.693085336466986490e+01
-4.264511104193356772e+01
-4.748394273862890458e+01
-5.145326413659849862e+01
-5.479534361983192525e+01
-5.723152194316583063e+01
-5.849192422772519251e+01
-5.865976433065374351e+01
-5.773138951042173517e+01
-5.569053016411099577e+01
-5.266243479189167687e+01
-4.889670268582911206e+01
-4.460081740647328274e+01
-3.989980804502037870e+01
-3.474469495444688505e+01
-2.927458571164049417e+01
-2.393167602668076910e+01
-1.877778932773281184e+01
-1.371694667543343016e+01
-8.859572030126305009e+00
-4.634472839625387586e+00
-1.394417932266307503e+00
5.612167857074699118e-01
1.037717758316693661e+00
-2.699168803373709624e-02
-2.735854585432353936e+00
-7.031471579789057458e+00
-1.297532478731889860e+01
-2.056441027316723691e+01
-2.962937042250654684e+01
-4.000722622216985513e+01
-5.140224935274409290e+01
-6.350386236335822332e+01
-7.610016679755887026e+01
-8.916497301973598155e+01
-1.025664054435705026e+02
-1.160125443272717973e+02
-1.293680752083436971e+02
-1.421782220684357014e+02
-1.539333646819356716e+02
-1.642775266210921359e+02
-1.731337180473269655e+02
-1.804291441735018964e+02
-1.860204355400744021e+02
-1.895538901807207139e+02
-1.908664818889883747e+02
-1.898182617475131622e+02
-1.866047013403048140e+02
-1.812627747157081330e+02
-1.738811570714260597e+02
-1.643585929028361363e+02
-1.528045344330308239e+02
-1.395824713810571041e+02
-1.249757713591504569e+02
-1.093665326607819281e+02
-9.308633489818480200e+01
-7.614192078779329620e+01
-5.873516841844681835e+01
-4.136810482308816717e+01
-2.435892451802448377e+01
-8.163312864473537545e+00
6.825694582998901971e+00
2.061154986620764262e+01
3.327838444394695472e+01
4.447048299197975041e+01
5.354872398047242399e+01
5.996986579489214364e+01
6.394010392639302154e+01
6.595884467303578447e+01
6.618519063183011042e+01
6.461560526670270121e+01
6.107947933205135627e+01
5.557797115336742166e+01
4.810606305649439918e+01
3.904255151212056063e+01
2.862433671606689600e+01
1.683972921610556028e+01
4.055493325315727482e+00
-9.246770171155651141e+00
-2.264560327217397173e+01
-3.589868186937656702e+01
-4.865857663329422422e+01
-6.071585908814451926e+01
-7.194625021810659860e+01
-8.233922803291289938e+01
-9.169164892327290772e+01
-9.975048837207192776e+01
-1.065496635154325133e+02
-1.119511696502773361e+02
-1.158738452665267715e+02
-1.183259944359954261e+02
-1.192063494200135807e+02
-1.186187833210981353e+02
-1.168012727342421471e+02
-1.138528292622257538e+02
-1.099088429722680331e+02
-1.050923460404210772e+02
-9.979863321421825617e+01
-9.431471185658872969e+01
-8.890960422352112857e+01
-8.358260331466470916e+01
-7.845325441262268384e+01
-7.361096724293742000e+01
-6.926887951304142632e+01
-6.579265545094376932e+01
-6.339324749967686046e+01
-6.213932699290183592e+01
-6.178985547769650566e+01
-6.233909753677144749e+01
-6.383647439558200887e+01
-6.642238405454214956e+01
-6.997401581000153215e+01
-7.446185412519791669e+01
-7.974083279630555410e+01
-8.561997766604204685e+01
-9.166650482607569472e+01
-9.756880336369643203e+01
-1.031614341889695936e+02
-1.081005272523376988e+02
-1.121673427564357439e+02
-1.152607371429227499e+02
-1.174436203270331731e+02
-1.186636603983852751e+02
-1.187804699843040055e+02
-1.175980928345203012e+02
-1.151176698628581221e+02
-1.110517452388308612e+02
-1.054065467585854492e+02
-9.837199734594457823e+01
-9.015961702199226124e+01
-8.070121990605501594e+01
-6.997386464606364598e+01
-5.804630732459503406e+01
-4.521453695290419716e+01
-3.207054688151648492e+01
-1.910290472633186099e+01
-6.381021044192435099e+00
6.198867767583450039e+00
1.837472898247050423e+01
2.963690482206413179e+01
3.972495759457585507e+01
4.855447524217998989e+01
5.580902995310946579e+01
6.106640498268376405e+01
6.426753107923126151e+01
6.534015963987752684e+01
6.434745109847612810e+01
6.134339070015830941e+01
5.630689723904374233e+01
4.927531836271342058e+01
4.041920111474201605e+01
2.969916686125237248e+01
1.701500714201091924e+01
2.660271942922577182e+00
-1.282951591668857816e+01
-2.908133106585897210e+01
-4.585559365571459978e+01
-6.272464988913870343e+01
-7.940562359936812697e+01
-9.558197932245433037e+01
-1.110904886125748448e+02
-1.259406185407324017e+02
-1.397683400424949127e+02
-1.522084177597267569e+02
-1.629291454322900847e+02
-1.717389643853449002e+02
-1.787131504818681549e+02
-1.839294698372051755e+02
-1.868363000793935953e+02
-1.871391224482559323e+02
-1.851311751898202829e+02
-1.809705909068775043e+02
-1.750478059715501615e+02
-1.673159811552980898e+02
-1.579699826605710484e+02
-1.473713773759782839e+02
-1.359406090555379478e+02
-1.238802369273448249e+02
-1.113017219104113877e+02
-9.847358615393724790e+01
-8.571663184790934054e+01
-7.317635691883880611e+01
-6.076829991580978430e+01
-4.886371364457838240e+01
-3.818694562515799618e+01
-2.909986731469088994e+01
-2.153201022037536205e+01
-1.525059742454772049e+01
-1.025193538833044649e+01
-6.494461777660581525e+00
-4.021508381107572916e+00
-2.925126826518521739e+00
-3.285307077754898053e+00
-5.081734476740002115e+00
-7.996352766433401094e+00
-1.173594654897021883e+01
-1.615857815644159245e+01
-2.125354051946624168e+01
-2.688377584060130943e+01
-3.269354939531756798e+01
-3.823668516375574455e+01
-4.336951461297940114e+01
-4.795465629807878116e+01
-5.176950241210285242e+01
-5.486090700658859021e+01
-5.704022713960625879e+01
-5.808504776298902783e+01
-5.771984896356759975e+01
-5.566535789082001173e+01
-5.177547868294346500e+01
-4.618857132721691272e+01
-3.881611444417794132e+01
-2.998733358710885000e+01
-1.988173123465366388e+01
-8.696136357490432900e+00
3.030732433715725094e+00
1.447985382289916600e+01
2.514765697691788660e+01
3.518241585280321715e+01
4.433756516967369521e+01
5.179891068813797972e+01
5.680794133217356290e+01
5.906216898588937170e+01
5.860010706869596220e+01
5.542914130798514094e+01
4.955328953323035535e+01
4.097445981429850548e+01
2.966978448846835192e+01
1.537739723629405120e+01
-1.698560706390353170e+00
-2.104427208225003909e+01
-4.216133214429048337e+01
-6.469462842224909593e+01
-8.844885062609284887e+01
-1.131102214584394687e+02
-1.381473955520067420e+02
-1.629540683710812914e+02
-1.868605236967874816e+02
-2.093178001550162719e+02
-2.298319759352390861e+02
-2.479511806107815062e+02
-2.633139594682828033e+02
-2.755102298125943321e+02
-2.843211534005325802e+02
-2.895683512907671684e+02
-2.911632182788636669e+02
-2.888346258555611143e+02
-2.825981807998467730e+02
-2.723605996947530912e+02
-2.583109888361242383e+02
-2.406962941088341097e+02
-2.202564288176567686e+02
-1.974988258821186093e+02
-1.725159776819485273e+02
-1.455670730949496203e+02
-1.170656379290541622e+02
-8.768293075471250120e+01
-5.807436764115001893e+01
-2.892276635628000392e+01
-8.010635184351775351e-01
2.596092603796046205e+01
5.089638045166802272e+01
7.369018759948970398e+01
9.403906145131102789e+01
1.114583223949284587e+02
1.255551713959976041e+02
1.360869684758943663e+02
1.428712328179821611e+02
1.460643283934479655e+02
1.458342679614194140e+02
1.423204676428439939e+02
1.354706244616654374e+02
1.254337177798820875e+02
1.125504758586907741e+02
9.722152287571816487e+01
7.983013878342714520e+01
6.092282102002793920e+01
4.088516489004633314e+01
2.010896109844623325e+01
-8.587450062559111030e-01
-2.153657808394427420e+01
-4.167320006501573459e+01
-6.078471902419479989e+01
-7.855708941009018531e+01
-9.472155951906610483e+01
-1.090134266288814473e+02
-1.212362864249966918e+02
-1.311643807548938412e+02
-1.385660016204775218e+02
-1.435609096615816043e+02
-1.464032791586700455e+02
-1.473623613542500550e+02
-1.464861291688820302e+02
-1.438875659841287415e+02
-1.396025115367423552e+02
-1.339551301824472773e+02
-1.272128349475466251e+02
-1.195436390649689429e+02
-1.112407064761312512e+02
-1.025410992009257569e+02
-9.385988098982149097e+01
-8.593022592622185130e+01
-7.903502647585821705e+01
-7.316793202314049438e+01
-6.848916097815448722e+01
-6.501518755749432898e+01
-6.276877219607654723e+01
-6.201543035707602769e+01
-6.283987766378188411e+01
-6.534282588128129987e+01
-6.936515688942554902e+01
-7.454075675411282020e+01
-8.081299077206540460e+01
-8.788855367376166328e+01
-9.539617132233027519e+01
-1.030646389751005358e+02
-1.107474993111638781e+02
-1.182504397332556039e+02
-1.252503834790618100e+02
-1.314370767876272907e+02
-1.364868537867462237e+02
-1.400599354112736989e+02
-1.419694164042109037e+02
-1.420424044915951072e+02
-1.401835492326592885e+02
-1.363662361930126110e+02
-1.305784139219767326e+02
-1.227149465279435532e+02
-1.128222620062939967e+02
-1.010523133817209782e+02
-8.784499731425273694e+01
-7.337077874969880042e+01
-5.769254350601051584e+01
-4.122966112556768792e+01
-2.442402519220649992e+01
-7.365177979294071697e+00
9.851406800832597455e+00
2.661514566977895413e+01
4.243681744376765153e+01
5.700682987195052931e+01
6.990194443833811988e+01
8.095031916442793829e+01
9.014236336693781482e+01
9.719996101799185340e+01
1.016092365769274153e+02
1.030776588697470260e+02
1.016301283482921036e+02
9.747101403732746405e+01
9.063131352100086247e+01
8.108590253427415462e+01
6.911018247370589052e+01
5.485654107703395255e+01
3.834595277686366899e+01
1.993263880330650650e+01
1.690989510642440241e-01
-2.048235181650123238e+01
-4.161986024872240364e+01
-6.277401765823823609e+01
-8.391751623165197316e+01
-1.046106328646609285e+02
-1.244648741418623104e+02
-1.430122187813382766e+02
-1.599199460849832803e+02
-1.750244625777126544e+02
-1.881158037488313539e+02
-1.988414878876915282e+02
-2.069074488946634460e+02
-2.123468193794245451e+02
-2.150299852833208547e+02
-2.150020337707263138e+02
-2.123554158521669422e+02
-2.074105800328746341e+02
-2.004157338259870471e+02
-1.914472713108335995e+02
-1.804934821353300265e+02
-1.676377860859241196e+02
-1.531459081570272076e+02
-1.378364317508035128e+02
-1.221597190802183235e+02
-1.063739721181890587e+02
-9.080512959731447609e+01
-7.560552774224534289e+01
-6.085449186894468454e+01
-4.713255743546206133e+01
-3.483806462674714766e+01
-2.387676509605394415e+01
-1.427824869458341972e+01
-6.241832112902073959e+00
1.065657191579357649e-01
4.612564949334704956e+00
7.177769334191729023e+00
7.978721396234818464e+00
7.045266153729451197e+00
4.710325898239331011e+00
1.181359745050901910e+00
-3.441332494299739864e+00
-8.978333220734928233e+00
-1.519117627693961303e+01
-2.178953986792798503e+01
-2.840131727600811473e+01
-3.470875218544900775e+01
-4.079085410752438889e+01
-4.637903040684004452e+01
-5.090428229032411167e+01
-5.411700951949263327e+01
-5.636615872160215446e+01
-5.772828132847843818e+01
-5.808667614795645306e+01
-5.731189757487290848e+01
-5.522593789586128565e+01
-5.208133629582750501e+01
-4.808438288294217244e+01
-4.339508355877534029e+01
-3.814022461797808461e+01
-3.256245700693633438e+01
-2.687295319640390545e+01
-2.101956218488450290e+01
-1.501251103180033297e+01
-9.065906123589325460e+00
-3.686181339842189875e+00
5.446174140820575493e-01
3.346658813159320900e+00
4.704602419743676656e+00
4.634495412286033122e+00
3.148499572615785613e+00
6.819255803255930282e-03
-4.740063666275592169e+00
-1.084570596582283031e+01
-1.841937991009908870e+01
-2.761971931265838620e+01
-3.852548917289165331e+01
-5.073556030466009759e+01
-6.369059758753833478e+01
-7.746459746497774290e+01
-9.197902715950220909e+01
-1.066094902291420965e+02
