-1.609286950508603553e+01
-1.906905729582006259e+01
-2.133429814952548398e+01
-2.316406881428768472e+01
-2.468975495517939933e+01
-2.582916699081363987e+01
-2.654984876870673460e+01
-2.695300457037873088e+01
-2.705922992461709242e+01
-2.686099362284440417e+01
-2.634615588388507490e+01
-2.551672209456692286e+01
-2.438160161374884893e+01
-2.298129979497299402e+01
-2.134041407319208616e+01
-1.941525228556791660e+01
-1.724859465577373641e+01
-1.496214722238047656e+01
-1.259869696227185365e+01
-1.016900536118472331e+01
-7.696029324435407659e+00
-5.215354364874792203e+00
-2.820523046725833982e+00
-5.602195992416667547e-01
1.566454042443178540e+00
3.561714519633842446e+00
5.352606211409073111e+00
6.882650714073941245e+00
8.162987287202211562e+00
9.125510198453431698e+00
9.772616624842660471e+00
1.008169485440325097e+01
1.002817840138909489e+01
9.678743905214171050e+00
9.069425215221041725e+00
8.192928944756317833e+00
7.050056912076526849e+00
5.702999514535188830e+00
4.205293723010790075e+00
2.561027853874862981e+00
7.708751058119198696e-01
-1.104404142961262103e+00
-2.984931147504061411e+00
-4.845630728097367168e+00
-6.664786606739744101e+00
-8.377123933401250611e+00
-9.980637737165444889e+00
-1.150775165723549698e+01
-1.288547774204961449e+01
-1.404323071082900753e+01
-1.497124400665175514e+01
-1.566387761535274770e+01
-1.610629852582545851e+01
-1.634721486386003875e+01
-1.643849260345600527e+01
-1.635531022929222900e+01
-1.606402444223032688e+01
-1.558634555310333170e+01
-1.497910731604664747e+01
-1.428922981192252806e+01
-1.355929774291504586e+01
-1.281343108028535482e+01
-1.205902150623526481e+01
-1.131664944529387107e+01
-1.062954019091085556e+01
-1.000234656359033281e+01
-9.438780532255858446e+00
-8.957759729630250689e+00
-8.604178438831921127e+00
-8.377811407389554432e+00
-8.297988413308463151e+00
-8.347737357917129231e+00
-8.530789484636407849e+00
-8.873652367880406899e+00
-9.395432896410536472e+00
-1.006847308555691534e+01
-1.085015354514535701e+01
-1.169969442069608689e+01
-1.257907427824977376e+01
-1.343053278542484463e+01
-1.416121413394631290e+01
-1.476698611858519961e+01
-1.530502012052938632e+01
-1.578329296492466227e+01
-1.615411509272664148e+01
-1.638934095411861591e+01
-1.647294505774522477e+01
-1.635097777119527507e+01
-1.598787534541859401e+01
-1.536041151228097235e+01
-1.449197728108450889e+01
-1.341059968718467310e+01
-1.217171703702188701e+01
-1.083955246453297505e+01
-9.411578389630829378e+00
-7.819638303083538133e+00
-6.074634984418284311e+00
-4.263672251428308968e+00
-2.422632140959585012e+00
-5.863706370985455330e-01
1.208483783599559658e+00
2.917412691191978436e+00
4.515766288351820812e+00
5.934898690187616843e+00
7.121973323868152406e+00
8.093241255347672691e+00
8.814738576628300848e+00
9.255778615134387266e+00
9.398000276077496551e+00
9.215432210512009448e+00
8.707186354911643278e+00
7.899331136067503145e+00
6.875788787563634763e+00
5.636840928161800157e+00
4.114614851873782619e+00
2.325628660702633965e+00
3.315262683226529727e-01
-1.810478203556838084e+00
-4.064559519136996535e+00
-6.391080188037157939e+00
-8.729231777685235727e+00
-1.102476105861919464e+01
-1.328544001611143699e+01
-1.545583344756020772e+01
-1.746260989690162191e+01
-1.930758460966291423e+01
-2.098820654595257906e+01
-2.245251183700495901e+01
-2.364748406518319257e+01
-2.454080763229694995e+01
-2.509870362545448685e+01
-2.538710620068365742e+01
-2.542400898437922763e+01
-2.516939730416854459e+01
-2.464522098263833527e+01
-2.385394337212230198e+01
-2.279412194693242455e+01
-2.150028635144786193e+01
-1.998922342614892500e+01
-1.833771072127935753e+01
-1.663686458009817315e+01
-1.490762515740058980e+01
-1.311729564822803162e+01
-1.131719316238418394e+01
-9.573250332152063891e+00
-7.923254877462203360e+00
-6.382467600947000719e+00
-4.998730787022223510e+00
-3.769165467204140807e+00
-2.682708109362103244e+00
-1.766990898529047671e+00
-1.070686222090494688e+00
-6.095745726826693467e-01
-3.558101282247990160e-01
-2.735693125512520529e-01
-3.413340301967465185e-01
-6.003285938760052343e-01
-1.040103595743341991e+00
-1.598762469088483185e+00
-2.238034527389362704e+00
-2.955698969298144796e+00
-3.765074792865392261e+00
-4.609217425657712752e+00
-5.429582334461264814e+00
-6.182911015673841604e+00
-6.780859076164366783e+00
-7.210558060072973952e+00
-7.516671672311510122e+00
-7.751022382775312636e+00
-7.923908740415420482e+00
-7.988856719097352510e+00
-7.892864822675770498e+00
-7.643093187236527086e+00
-7.221535574994704554e+00
-6.668099295748227462e+00
-6.048454533516004261e+00
-5.394286977444892273e+00
-4.705726260357811164e+00
-4.006308032093839344e+00
-3.305421514499561120e+00
-2.572132920128645139e+00
-1.805250259139140612e+00
-1.120923446720213823e+00
-6.112434798313599593e-01
-2.891478183414317726e-01
-1.285604492672402510e-01
-9.614418116074571752e-02
-2.306744027718872214e-01
-5.799588148045979885e-01
-1.141528654223318506e+00
-1.922876712119444331e+00
-2.918085744491764721e+00
-4.134448142802662041e+00
-5.538793938931032557e+00
-7.081526097773449990e+00
-8.662373721731952969e+00
-1.027514410142634205e+01
-1.198885805170183616e+01
-1.380250232445807157e+01
-1.564038544235813610e+01
-1.739059429285797975e+01
-1.900903769856505576e+01
-2.049541301631481005e+01
-2.183283130858226784e+01
-2.295707367662555143e+01
-2.385550593622008364e+01
-2.455107008435917137e+01
-2.504869695083581860e+01
-2.530335792095728209e+01
-2.522856964422353343e+01
-2.482571388814671920e+01
-2.408808549009842537e+01
-2.305535114589318368e+01
-2.175676068741152136e+01
-2.020565947181746580e+01
-1.841444151535112539e+01
-1.647613725362203851e+01
-1.446490330260608381e+01
-1.232569374095397841e+01
-1.005280894896791644e+01
-7.728740543570105537e+00
-5.414678323837088136e+00
-3.178713200607520939e+00
-1.059779383048234935e+00
9.149973085670806139e-01
2.733860579801280721e+00
4.357704264252533655e+00
5.764953518299640756e+00
6.932206947926602858e+00
7.836805487168199136e+00
8.438400683837212313e+00
8.686381407412110178e+00
8.608527898811829004e+00
8.290097627532455604e+00
7.761198008918474223e+00
7.024386289283893525e+00
6.080335095302964454e+00
4.913589598818433934e+00
3.543284798380085032e+00
1.965962488675026432e+00
2.102931125401414358e-01
-1.629906718942698118e+00
-3.426524841703002089e+00
-5.135338551266806384e+00
-6.783089615327564381e+00
-8.368313411127004997e+00
-9.867647128164586334e+00
-1.124157522489309713e+01
-1.246131416883978638e+01
-1.352528160873173846e+01
-1.439707755871963002e+01
-1.507028866142625567e+01
-1.551640671193923104e+01
-1.574829447973845298e+01
-1.580624420836063493e+01
-1.570847819604842854e+01
-1.545296200432809997e+01
-1.506925521836642545e+01
-1.454248329568561005e+01
-1.387792686721113178e+01
-1.315910542402483685e+01
-1.245403731066647524e+01
-1.176513137730337810e+01
-1.113334163334098470e+01
-1.054600253033885338e+01
-9.934450751077388730e+00
-9.334729045890417964e+00
-8.825882505737876471e+00
-8.437229112741972514e+00
-8.184576045046432213e+00
-8.141177759228311217e+00
-8.343497387941612331e+00
-8.826726870896166588e+00
-9.623980169692968545e+00
-1.073458212499050468e+01
-1.216709903177268615e+01
-1.380430534143496857e+01
-1.550206963579405617e+01
-1.714008110406550500e+01
-1.869038348208373534e+01
-2.013218511116881260e+01
-2.142438440557570090e+01
-2.254522613388158092e+01
-2.346727316885542081e+01
-2.417552442778355370e+01
-2.457347060139488804e+01
-2.459973827097731558e+01
-2.422228527776572093e+01
-2.343385902599910153e+01
-2.219596584553616125e+01
-2.049673948588490191e+01
-1.838451600872768665e+01
-1.596111941522496203e+01
-1.328989778831614466e+01
-1.038912286149378161e+01
-7.297693177692305078e+00
-4.058580238646007921e+00
-7.110386094624199238e-01
2.670052839316435556e+00
5.987481513866486083e+00
9.187666549845674879e+00
1.222198058938730902e+01
1.501328841489295485e+01
1.744209373509906413e+01
1.941905957943797034e+01
2.097915560706036686e+01
2.210981120126738730e+01
2.273349065656657686e+01
2.279371826953151370e+01
2.233828605792114530e+01
2.142984092407924379e+01
2.006614826814764641e+01
1.825110519374244333e+01
1.593716963543603526e+01
1.312053665411526460e+01
9.933001342462976169e+00
6.462472784885990862e+00
2.773842439462998133e+00
-1.079863493696038734e+00
-5.025651957869228248e+00
-8.993895757892607534e+00
-1.292152141859439851e+01
-1.673739055501231476e+01
-2.033536613448761798e+01
-2.366113507174058483e+01
-2.666567802429349143e+01
-2.932180209426071826e+01
-3.160989573252561868e+01
-3.346994639732722021e+01
-3.482293060993576006e+01
-3.563182761258614306e+01
-3.597624743206230846e+01
-3.588760860746400994e+01
-3.535757237470966885e+01
-3.440519291547867198e+01
-3.303826767051371149e+01
-3.127120823052553789e+01
-2.919991160754123527e+01
-2.688067893550537590e+01
-2.432670332722434381e+01
-2.161227711196012891e+01
-1.878470579647348515e+01
-1.590030154950032859e+01
-1.305166226802679041e+01
-1.034055050839304712e+01
-7.830809417113970383e+00
-5.501487923193076668e+00
-3.365489625391828721e+00
-1.457996238749890594e+00
1.757574158436967515e-01
1.488198069807172619e+00
2.461141418242476231e+00
3.104552978399718111e+00
3.465772489270374734e+00
3.571810894739590569e+00
3.397561592369680028e+00
2.980196976067405412e+00
2.332069124024874096e+00
1.452534254441116168e+00
4.120896537239338020e-01
-7.050097468225056119e-01
-1.813781910959245458e+00
-2.906805240229525911e+00
-4.038953020548916584e+00
-5.158394802966117076e+00
-6.153421350193417183e+00
-6.937347833144495546e+00
-7.456589128055749249e+00
-7.733150176157915112e+00
-7.817478904722550581e+00
-7.744009119643954442e+00
-7.535815966511501429e+00
-7.198541141712627045e+00
-6.719152919722935380e+00
-6.111766623470419546e+00
-5.355261366146722324e+00
-4.448407542247958979e+00
-3.462620609801891014e+00
-2.457458542727988693e+00
-1.410422141189175305e+00
-3.122725870041934693e-01
7.055307589090321629e-01
1.550412566730069441e+00
2.200879223794118378e+00
2.643960204732934915e+00
2.863639842242728495e+00
2.836394558030844060e+00
2.524091190999948608e+00
1.916406291560579067e+00
1.068467290947716419e+00
-1.929710173051631117e-02
-1.323654528089219129e+00
-2.839587356636195103e+00
-4.591534457295778360e+00
-6.576583770546855057e+00
-8.731885077971057285e+00
-1.096697331882280757e+01
-1.324122244219954503e+01
-1.554831405204774519e+01
-1.785335863545476798e+01
-2.012017998063976165e+01
-2.229713167932800388e+01
-2.430259352475577828e+01
-2.606437397377844079e+01
-2.757130907215718807e+01
-2.878623957761369567e+01
-2.964415126485567242e+01
-3.011673010262172312e+01
-3.022640708518001418e+01
-2.999931425026221277e+01
-2.942670219055206715e+01
-2.848307586665062630e+01
-2.714493740086535567e+01
-2.548772671963556391e+01
-2.359361069671409794e+01
-2.141474086227676565e+01
-1.892126115347620186e+01
-1.618960407332011542e+01
-1.333186531423944388e+01
-1.045246460365975949e+01
-7.608259593278639876e+00
-4.771614492026018617e+00
-1.979191017261715757e+00
6.895318893958705120e-01
3.135678364186087919e+00
5.351191448637108827e+00
7.346538545588263247e+00
9.100235564523531551e+00
1.053537497403800138e+01
1.159905832213153865e+01
1.229491528128907341e+01
1.261176719257136192e+01
1.257731256912185103e+01
1.222484007823039143e+01
1.153846054976680691e+01
1.050734017753117477e+01
9.156014756950591860e+00
7.553223550753893178e+00
5.772315813406908802e+00
3.905603157939843584e+00
1.963123286438420489e+00
-7.844963425661866108e-02
-2.234240836747874770e+00
-4.412138199011606865e+00
-6.528199616662366367e+00
-8.487348292821579321e+00
-1.026007896381708662e+01
-1.185249205916837134e+01
-1.329376103048738145e+01
-1.453727609882768057e+01
-1.555206850823182485e+01
-1.634276910533014515e+01
-1.691385945846495176e+01
-1.726228349280353669e+01
-1.739566168263884549e+01
-1.731556520010691003e+01
-1.701441136141980692e+01
-1.651341427894115554e+01
-1.583915072018996817e+01
-1.501600994888530494e+01
-1.410343809349059363e+01
-1.315635068635195282e+01
-1.224189630975030063e+01
-1.144407073655286666e+01
-1.075818563590761556e+01
-1.010126855418400815e+01
-9.437034935523296753e+00
-8.830488082160536933e+00
-8.383455407261124037e+00
-8.145506496580930289e+00
-8.136994427237372207e+00
-8.323182697136928709e+00
-8.665818051623087825e+00
-9.120513845486508231e+00
-9.674375354127118243e+00
-1.033102755995021660e+01
-1.111088985890944691e+01
-1.200751682986898317e+01
-1.294451504665426533e+01
-1.383909820336980978e+01
-1.466258710708959256e+01
-1.541620301075585608e+01
-1.604816372318783024e+01
-1.656410279777356465e+01
-1.697973017516042660e+01
-1.722006657805663821e+01
-1.725339687719399961e+01
-1.706843945089600112e+01
-1.664278224133766670e+01
-1.597976493130355280e+01
-1.507614259327725215e+01
-1.395257617792101534e+01
-1.260551073129090938e+01
-1.107234797970514073e+01
-9.416982287607355673e+00
-7.647844236631391901e+00
-5.763416402052340182e+00
-3.767195070332697959e+00
-1.758539697114631206e+00
1.621913896097533780e-01
1.987391627156280149e+00
3.710339242192654208e+00
5.315555060089178774e+00
6.795172126049140005e+00
8.127425494624999303e+00
9.225429773716534498e+00
1.000205834983552577e+01
1.042936013287388164e+01
1.053674233495757662e+01
1.034182267082527140e+01
9.859011106688010173e+00
9.048779361289513545e+00
7.907807753450784460e+00
6.504237924237026292e+00
4.885205140926307976e+00
3.068943856963434857e+00
1.033824618581691501e+00
-1.257421228323116313e+00
-3.712473256050157655e+00
-6.202643955851222302e+00
-8.685361689069234004e+00
-1.112588606517771161e+01
-1.351386553071711560e+01
-1.579874977973449113e+01
-1.795450010286142373e+01
-1.997098765390295227e+01
-2.175889893315197909e+01
-2.326157746503252355e+01
-2.447514036638548518e+01
-2.540464973068871757e+01
-2.607262252905785260e+01
-2.646767067459578726e+01
-2.650210280261219964e+01
-2.611891563495587576e+01
-2.538681440517410692e+01
-2.442567640077975710e+01
-2.332186017064656980e+01
-2.208315959614035862e+01
-2.061327015904512194e+01
-1.888154358228402430e+01
-1.700955905269849211e+01
-1.510615103129961767e+01
-1.319176280149564029e+01
-1.132621153877976639e+01
-9.553651062516845371e+00
-7.877524021694607193e+00
-6.281699914855021660e+00
-4.771370020174985349e+00
-3.424557297481975571e+00
-2.327335616345799885e+00
-1.468973104792885787e+00
-7.906018314349900766e-01
-2.895980616064696145e-01
-2.216128145551166106e-03
6.325845915552724685e-02
-5.478433933828685126e-02
-3.271258491336000440e-01
-7.452853367823705222e-01
-1.279645941910288132e+00
-1.908836783718462549e+00
-2.622786023016283607e+00
-3.393693804703277195e+00
-4.229725332339302923e+00
-5.100066786061179691e+00
-5.937062153851143442e+00
-6.636169131210873928e+00
-7.149038355907576303e+00
-7.508458070871125933e+00
-7.793904877148826849e+00
-7.961619573016762708e+00
-7.956236731798163930e+00
-7.800649401579902609e+00
-7.502772494691638094e+00
-7.061910120615598530e+00
-6.504092953466311222e+00
-5.879241239443111056e+00
-5.222923068382740119e+00
-4.546846157128179300e+00
-3.824097796624642331e+00
-3.070065239700502158e+00
-2.369379202700651277e+00
-1.724783543508329409e+00
-1.098636619680207538e+00
-5.016663515370936022e-01
-1.873589655198137915e-02
2.835408250756228377e-01
3.604130060856064466e-01
1.949361873654693045e-01
-2.014256254484536324e-01
-8.301959744772210437e-01
-1.666627621940864223e+00
-2.716235884561066793e+00
-3.977398734847725770e+00
-5.415264083335658007e+00
-6.999133228042738963e+00
-8.676486555694843616e+00
-1.039655771954569374e+01
-1.213523429553800348e+01
-1.391028345364384933e+01
-1.571449457285238083e+01
-1.750014765415207307e+01
-1.925058221370360911e+01
-2.088520075356801797e+01
-2.231318002341692619e+01
-2.348494574393744472e+01
-2.441627212511262712e+01
-2.512167071994064216e+01
-2.559055279716523756e+01
-2.576067212676382567e+01
-2.560837113479511729e+01
-2.511916311318174877e+01
-2.434736549083631729e+01
-2.330952959997703644e+01
-2.202218606175445004e+01
-2.045818620369736607e+01
-1.863328378289703124e+01
-1.661954028695334173e+01
-1.446809144597790109e+01
-1.224116925670613298e+01
-9.984947788827984283e+00
-7.673271993527919221e+00
-5.322305844356675308e+00
-3.019902879083860903e+00
-8.155723720287639811e-01
1.220024687428926891e+00
3.031853011850353496e+00
4.651262797121171744e+00
6.123837635651842248e+00
7.389887183584036734e+00
8.321704009506177613e+00
8.820263146445061153e+00
8.957835595044585375e+00
8.870059630770539272e+00
8.599403335418458028e+00
8.131281681608856005e+00
7.411349712927547628e+00
6.427053376098438520e+00
5.174019876500547177e+00
3.730797529401387980e+00
2.144383934269805447e+00
3.992654170876626107e-01
-1.443907184951276790e+00
-3.297783957776410091e+00
-5.095189660292506417e+00
-6.814952198680849449e+00
-8.416490158010082823e+00
-9.884474033399699877e+00
-1.121913011371811919e+01
-1.243859250871531508e+01
-1.351336435295416294e+01
-1.439727232012213776e+01
-1.510564866104789239e+01
-1.561965931945551134e+01
-1.592787659275114187e+01
-1.603779889171079986e+01
-1.593297633003603053e+01
-1.563756370715154631e+01
-1.520329495411656850e+01
-1.464678366811412680e+01
-1.398524709882249262e+01
-1.323215286729748108e+01
-1.245733216810189603e+01
-1.170637253195831917e+01
-1.101408623386192254e+01
-1.035692261788824275e+01
-9.738761768415326259e+00
-9.165679413139351084e+00
-8.673338910780932665e+00
-8.330584776242078604e+00
-8.169878690770788765e+00
-8.187685534187682634e+00
-8.316586933142943394e+00
-8.546007602452666774e+00
-8.889096597878399564e+00
-9.380006556491078840e+00
-9.995292447984168049e+00
-1.072779822463901489e+01
-1.154981629524744768e+01
-1.242586622968794252e+01
-1.327429020360266954e+01
-1.404481680466995464e+01
-1.472680895985843641e+01
-1.527421637953105282e+01
-1.566433273694571859e+01
-1.589945248181931703e+01
-1.601231473223035806e+01
-1.600404326542578914e+01
-1.584866301611793737e+01
-1.550666673539092244e+01
-1.498249135252315867e+01
-1.422331236123980602e+01
-1.323700508214894889e+01
-1.207382275248406600e+01
-1.078281534346145065e+01
-9.344689922855936359e+00
-7.744211113177732031e+00
-5.989522224281302876e+00
-4.138843247108131784e+00
-2.309612458597060769e+00
-5.871312945147291185e-01
1.045275395548939334e+00
2.643947794828096942e+00
4.176886318413441934e+00
5.548228196611563412e+00
6.717141186557163302e+00
7.688227976761909943e+00
8.416782440715323332e+00
8.831436443579050888e+00
8.939550325557764410e+00
8.748516308221287119e+00
8.286539159978707048e+00
7.572683711146703800e+00
6.602386840815132274e+00
5.379133034426282656e+00
3.933951975542816282e+00
2.252546047835228382e+00
3.055258299787146359e-01
-1.850023230604911140e+00
-4.104241887119522758e+00
-6.391855837036525934e+00
-8.689131584234434769e+00
-1.093710651292589731e+01
-1.310567401971712975e+01
-1.515896286268077198e+01
-1.709030395695183202e+01
-1.892584211399988803e+01
-2.060629239199757379e+01
-2.206527361785995467e+01
-2.324882212228557776e+01
-2.413767215406807409e+01
-2.476991620268080752e+01
-2.517887694004652133e+01
-2.525537421890973988e+01
-2.494072194964816447e+01
-2.431205159109814318e+01
-2.341840842127421851e+01
-2.234146599729902505e+01
-2.106055923227470572e+01
-1.959671796635389285e+01
-1.801020145742477752e+01
-1.637162094786917521e+01
-1.469984375430629697e+01
-1.299066928554772282e+01
-1.127700042008946468e+01
-9.608170626580427864e+00
-7.996598396463024727e+00
-6.405823138755768476e+00
-4.899870312872265821e+00
-3.622808672622420900e+00
-2.632830087560903642e+00
-1.882630112038651493e+00
-1.293179043469568468e+00
-8.499709669489269315e-01
-5.464241277363365290e-01
-3.981594259546004100e-01
-4.317675915298046507e-01
-6.679266950306066430e-01
-1.101839983503986264e+00
-1.664397578255588428e+00
-2.295546712248017762e+00
-2.977645387328985205e+00
-3.726582774111399043e+00
-4.529993374561824382e+00
-5.324735801990096995e+00
-6.029651898448795677e+00
-6.634237946967513899e+00
-7.135007997786071421e+00
-7.506196811839761729e+00
-7.773869541964398167e+00
-7.911946769092955023e+00
-7.880632421585978875e+00
-7.630650261612790253e+00
-7.115808283662952149e+00
-6.322148705919578227e+00
-5.296970214064321780e+00
-4.035324742837938850e+00
-2.609425027590133173e+00
-1.055364951962332265e+00
5.987529467795048577e-01
2.258058703792980904e+00
3.773887183623841235e+00
5.076669459719521882e+00
6.246384627800644296e+00
7.275428574241171731e+00
8.017411028499278558e+00
8.336056557628532815e+00
8.205941233563057935e+00
7.680604543866815348e+00
6.796469552473535458e+00
5.570668627706004905e+00
4.007243273051472876e+00
2.098288535579114100e+00
-2.162496078064304883e-01
-2.896689414152125774e+00
-5.833498875928713190e+00
-8.930539598364896747e+00
-1.213805196344641502e+01
-1.544938380921737675e+01
-1.883290201033884870e+01
-2.220597167475964895e+01
-2.546997447005128734e+01
-2.851946588495617263e+01
-3.128161008207661098e+01
-3.370040238873431093e+01
-3.572780329986616721e+01
-3.733089009655944324e+01
-3.846151795745553414e+01
-3.910577977367292135e+01
-3.925415451990953386e+01
-3.890843785813579103e+01
-3.802568004589887352e+01
-3.661806871444617428e+01
-3.467523915193798700e+01
-3.224058807893288048e+01
-2.936631884337722198e+01
-2.619812415290440200e+01
-2.282117632509704563e+01
-1.921589529059607315e+01
-1.539480795812564118e+01
-1.141347540508406766e+01
-7.385699761085659176e+00
-3.418373343624374616e+00
3.858655148696682469e-01
3.954467976510895433e+00
7.269232367144149443e+00
1.027992566951389719e+01
1.295898055630747692e+01
1.527654587558320820e+01
1.715860650238090201e+01
1.854740899156302092e+01
1.941935890961720901e+01
1.976291699013083658e+01
1.963219531214818048e+01
1.907557513909459246e+01
1.812115597697718883e+01
1.674723903244882095e+01
1.497135204164002964e+01
1.285434445915512214e+01
1.046667998443932390e+01
7.867521186601487138e+00
5.143247445986952826e+00
2.341952555873066721e+00
-4.920184677464890521e-01
-3.280677999270561251e+00
-5.958835274199921095e+00
-8.511658244836313614e+00
-1.087410999765129560e+01
-1.301066003543331995e+01
-1.489514459012071157e+01
-1.649841427170315455e+01
-1.780145029084154018e+01
-1.877591816950498327e+01
-1.938907597226225832e+01
-1.968041342927777393e+01
-1.971457572440461448e+01
-1.954739076371505391e+01
-1.917620090760737384e+01
-1.860574712193800195e+01
-1.782752721143618757e+01
-1.689608149791882852e+01
-1.585620550972984688e+01
-1.472661130547051656e+01
-1.354984075591065640e+01
-1.235737434076474983e+01
-1.121609095585549376e+01
-1.025774796469461236e+01
-9.512387928091664335e+00
-8.939583618522293662e+00
-8.540856193464659185e+00
-8.301621226410629717e+00
-8.215912630056918076e+00
-8.335512660056945577e+00
-8.676469854708269480e+00
-9.253364232905703091e+00
-1.002648400594628164e+01
-1.091511700697792264e+01
-1.191298804794352684e+01
-1.297473408439172360e+01
-1.403922036484980929e+01
-1.507110756236096094e+01
-1.606547388629722306e+01
-1.700613181147152275e+01
-1.784511885742436732e+01
-1.853533076295572712e+01
-1.902922859941043399e+01
-1.927791057192070312e+01
-1.926603423295821571e+01
-1.898128140568515576e+01
-1.842316363965621306e+01
-1.760090821388570603e+01
-1.652119849081984881e+01
-1.516587868556755936e+01
-1.354556647336320374e+01
-1.169293051999987476e+01
-9.696713044280656391e+00
-7.581611011772957376e+00
-5.339418406660332295e+00
-3.037167161774490864e+00
-7.492709356072319027e-01
1.529930670710025975e+00
3.807871272309149902e+00
5.976919246915723960e+00
7.952234136794789521e+00
9.697535774372532558e+00
1.115762854453726760e+01
1.232804629005517860e+01
1.323646933665728653e+01
1.384551024556466281e+01
1.405967581734971894e+01
1.383273933114617904e+01
1.319299587300897869e+01
1.220435474749584337e+01
1.088234225048083914e+01
9.218063991955009584e+00
7.261986937100862960e+00
5.037781977587697746e+00
2.535380565813557752e+00
-1.860236761189603127e-01
-3.024115965359480462e+00
-5.903641253615811380e+00
-8.772854064589237666e+00
-1.157030168020248695e+01
-1.432688478686025313e+01
-1.698450992750862554e+01
-1.948496709914252278e+01
-2.175516520686571198e+01
-2.375261351723972325e+01
-2.547280776986901074e+01
-2.689859791743819528e+01
-2.797638652632540612e+01
-2.866216129323553474e+01
-2.898229471962217474e+01
-2.892745142291033389e+01
-2.851610759967888598e+01
-2.777280656278929527e+01
-2.676323027891818285e+01
-2.553078075179249495e+01
-2.407353108968073840e+01
-2.236855297826858191e+01
-2.041786480745497201e+01
-1.826804077869137899e+01
-1.608163030710402808e+01
-1.393484151493716716e+01
-1.184496110890015608e+01
-9.840882281865967585e+00
-7.921145898423626264e+00
-6.074648782044705264e+00
-4.403696761533464787e+00
-2.976682720094847134e+00
-1.749842156364665113e+00
-7.054141618110607581e-01
1.260426780995488882e-01
7.234606524693985019e-01
1.061088216074653312e+00
1.125550399707426763e+00
9.617392364602802557e-01
5.811430352951838518e-01
5.026371468433138423e-02
-5.952957463773340674e-01
-1.351207866514829048e+00
-2.198562388942216561e+00
-3.103720561981789139e+00
-4.021995854563914286e+00
-4.893450267314468860e+00
-5.672769027390122787e+00
-6.401085491258154292e+00
-7.044745407716714425e+00
-7.497654078632530528e+00
-7.723937747419524769e+00
-7.821824124993447924e+00
-7.826725218319880994e+00
-7.714454847875557242e+00
-7.452108436263020330e+00
-7.000189311939886139e+00
-6.414031644784274455e+00
-5.741006975895126985e+00
-5.008980623749205385e+00
-4.232333169612989110e+00
-3.447429425286866689e+00
-2.683622625063929235e+00
-1.913145058051978875e+00
-1.122844461787685377e+00
-3.501056710358135815e-01
3.037810512846378930e-01
7.283626120455124475e-01
8.901756025130569405e-01
8.204776396679782646e-01
5.523219497630857955e-01
1.050298528291931932e-01
-5.654149697410897346e-01
-1.447062655009849319e+00
-2.484710187933962811e+00
-3.703087200379321597e+00
-5.143786207978322089e+00
-6.826306027394879905e+00
-8.663856886078967534e+00
-1.053830643635512132e+01
-1.247923650950687069e+01
-1.449557942328186932e+01
-1.647398185653793945e+01
