-1.041571775333333534e+02
-1.184963782666666532e+02
-1.326830836000000033e+02
-1.462212107333333506e+02
-1.586283210999999937e+02
-1.697290657000000067e+02
-1.794567281999999864e+02
-1.876411425000000293e+02
-1.939133634333333021e+02
-1.978557201333333353e+02
-1.994678480666666474e+02
-1.987750421000000074e+02
-1.957682852666666804e+02
-1.904118309000000409e+02
-1.828209074000000101e+02
-1.729450330999999892e+02
-1.607892407999999591e+02
-1.469125602333333518e+02
-1.317769977666666819e+02
-1.153677320000000037e+02
-9.798095170000000564e+01
-7.993060089999998752e+01
-6.155932366666664990e+01
-4.339659293333332357e+01
-2.558989253333333380e+01
-8.349032533333334172e+00
7.964987600000000612e+00
2.295996276666666347e+01
3.635904473333333442e+01
4.812263173333333555e+01
5.775440600000000302e+01
6.506190579999999102e+01
7.009456370000000902e+01
7.284032176666664782e+01
7.339701676666665264e+01
7.169895999999998537e+01
6.786958296666666968e+01
6.195298536666667388e+01
5.432378813333334477e+01
4.502928209999999609e+01
3.428002713333334128e+01
2.216043123333333398e+01
9.030229966666665220e+00
-4.624732066666666697e+00
-1.851676926666666390e+01
-3.242872496666665683e+01
-4.593125573333334444e+01
-5.881754943333333330e+01
-7.114464236666665897e+01
-8.263052439999998455e+01
-9.279063616666667258e+01
-1.013844115333333207e+02
-1.085273573666666778e+02
-1.142107352333333381e+02
-1.184500728000000009e+02
-1.211905833666666723e+02
-1.223194156333333495e+02
-1.219500205333333440e+02
-1.201928931000000205e+02
-1.171965024666666864e+02
-1.131649615666666762e+02
-1.082662299666666712e+02
-1.028647977666666833e+02
-9.725027873333333162e+01
-9.162509356666667770e+01
-8.609474703333334844e+01
-8.072190786666666895e+01
-7.567599210000000198e+01
-7.119559563333332619e+01
-6.749303419999999676e+01
-6.458280803333333608e+01
-6.277626940000001099e+01
-6.208425583333333719e+01
-6.260935940000000244e+01
-6.425614153333332013e+01
-6.701095940000000439e+01
-7.067471140000000673e+01
-7.514896103333333599e+01
-8.031494576666665353e+01
-8.598692913333333365e+01
-9.179755083333331811e+01
-9.749928376666666452e+01
-1.029098183333333338e+02
-1.079643011999999942e+02
-1.124995705666666623e+02
-1.162781442666666720e+02
-1.191728210666666570e+02
-1.209910968000000082e+02
-1.215069262000000236e+02
-1.204965994000000080e+02
-1.179002530999999721e+02
-1.137434814666666796e+02
-1.080731686666666604e+02
-1.009528187333333307e+02
-9.263081563333335566e+01
-8.304596809999999607e+01
-7.212635486666667362e+01
-6.003657270000000779e+01
-4.723689309999998898e+01
-3.412658913333333288e+01
-2.083840913333333589e+01
-7.446737733333333331e+00
5.761360400000000048e+00
1.831209936666666849e+01
2.993576309999999552e+01
4.049257790000000057e+01
4.978982529999999684e+01
5.730133093333333960e+01
6.278967699999999752e+01
6.632243703333332974e+01
6.781348929999998632e+01
6.710577649999999039e+01
6.421636846666666543e+01
5.934511599999999021e+01
5.254393619999999032e+01
4.371938273333332603e+01
3.292337239999999099e+01
2.009272236666666700e+01
5.572325766666667235e+00
-1.001513389999999859e+01
-2.643555826666666420e+01
-4.344810313333333340e+01
-6.063276233333331788e+01
-7.788501670000000843e+01
-9.477301609999999243e+01
-1.109176847000000095e+02
-1.262432886000000138e+02
-1.404119169333333161e+02
-1.530353484666666191e+02
-1.639282535000000394e+02
-1.730394004999999993e+02
-1.802148373666666714e+02
-1.854037176000000215e+02
-1.884262168333333136e+02
-1.892176736999999775e+02
-1.878206676000000357e+02
-1.842480487666666704e+02
-1.786354359333333548e+02
-1.711901759333333644e+02
-1.619879812999999444e+02
-1.514644712666666919e+02
-1.399852502333333177e+02
-1.276999437999999856e+02
-1.146625893666666656e+02
-1.014083782666666593e+02
-8.827382923333331632e+01
-7.535380216666666797e+01
-6.277948203333333765e+01
-5.103118733333334234e+01
-4.039354133333334573e+01
-3.085604886666666502e+01
-2.252059523333333857e+01
-1.546087963333333271e+01
-9.825649400000001421e+00
-5.704367233333332621e+00
-3.194228100000000570e+00
-2.118447933333333921e+00
-2.507376300000000224e+00
-4.159063200000000293e+00
-6.887215666666666181e+00
-1.059515293333333474e+01
-1.506901696666666268e+01
-2.025853999999999644e+01
-2.595789549999999934e+01
-3.180676966666666416e+01
-3.749725813333333946e+01
-4.270545760000000257e+01
-4.723869213333333050e+01
-5.100752066666667162e+01
-5.409765763333333410e+01
-5.645277376666667379e+01
-5.795436376666667400e+01
-5.846511733333334604e+01
-5.801161396666667258e+01
-5.650918856666667978e+01
-5.395066626666665854e+01
-5.049768819999999891e+01
-4.639328339999999429e+01
-4.176197613333333436e+01
-3.677523806666666673e+01
-3.155607273333333396e+01
-2.630840006666666397e+01
-2.090793183333333261e+01
-1.563747043333333231e+01
-1.093000093333333389e+01
-7.060379600000000089e+00
-4.261612366666666318e+00
-2.546078466666666706e+00
-2.100285633333333291e+00
-3.123720200000000169e+00
-5.479350566666666644e+00
-9.298618233333334260e+00
-1.467034353333333208e+01
-2.162913793333333246e+01
-3.004088220000000220e+01
-3.978482216666666460e+01
-5.039059840000000179e+01
-6.165994513333333060e+01
-7.382809550000000343e+01
-8.677365273333333562e+01
-9.997089196666665600e+01
-1.129516390333333362e+02
-1.256901488999999970e+02
-1.379795461666666654e+02
-1.493950490666666440e+02
-1.595479643666666902e+02
-1.682866320666666979e+02
-1.755484902666666471e+02
-1.811654081333333295e+02
-1.850864324333333286e+02
-1.869103624999999909e+02
-1.865669472333333090e+02
-1.840159212333333301e+02
-1.792997774666667112e+02
-1.723723176000000024e+02
-1.631752844666666533e+02
-1.521611754333333124e+02
-1.397697857999999940e+02
-1.260625425666666644e+02
-1.109975307333333205e+02
-9.498428263333335053e+01
-7.835567580000000021e+01
-6.136733333333333462e+01
-4.454285940000000465e+01
-2.811738023333333558e+01
-1.230098436666666473e+01
2.642266433333333442e+00
1.645334393333333267e+01
2.892290889999999948e+01
3.985194606666667028e+01
4.900963420000000070e+01
5.603840093333333527e+01
6.072224649999999713e+01
6.325089083333332240e+01
6.369897543333333090e+01
6.210646630000000101e+01
5.867484176666665974e+01
5.344905819999999608e+01
4.646117826666667128e+01
3.787187913333333711e+01
2.778576636666666744e+01
1.640693116666666640e+01
4.209716633333333569e+00
-8.391204500000000621e+00
-2.131549363333333602e+01
-3.438279033333333956e+01
-4.707670820000000589e+01
-5.913552016666667299e+01
-7.065839093333333665e+01
-8.142133206666667888e+01
-9.098848829999998600e+01
-9.902773186666668437e+01
-1.056515711666666704e+02
-1.108580142666666717e+02
-1.147063462000000271e+02
-1.172022853333333359e+02
-1.182851975666666675e+02
-1.179235556333333363e+02
-1.162871825666666723e+02
-1.135176507333333404e+02
-1.098371712000000002e+02
-1.053771003666666672e+02
-1.004497114666666562e+02
-9.527820103333333179e+01
-9.011367266666667319e+01
-8.492097983333334810e+01
-7.977885476666666875e+01
-7.492540056666668136e+01
-7.069983466666667482e+01
-6.722837276666668060e+01
-6.456567370000000494e+01
-6.305860056666666225e+01
-6.300070786666666578e+01
-6.466548120000000210e+01
-6.825332816666666247e+01
-7.376564079999999990e+01
-8.128121576666667636e+01
-9.040090866666666614e+01
-1.006930835333333221e+02
-1.116702467333333146e+02
-1.230334253000000189e+02
-1.345619077333333280e+02
-1.455964282000000196e+02
-1.556491504333333467e+02
-1.643310819666666305e+02
-1.715535098333333508e+02
-1.767600171999999645e+02
-1.797560435999999697e+02
-1.802859020000000214e+02
-1.780615850333333015e+02
-1.728230151333333424e+02
-1.643635944000000393e+02
-1.528441934000000231e+02
-1.386735729333333040e+02
-1.220285815333333375e+02
-1.031209991999999858e+02
-8.228066243333333318e+01
-5.973879910000000137e+01
-3.604073139999999853e+01
-1.159776939999999890e+01
1.323285743333333286e+01
3.797716986666667083e+01
6.186200193333334596e+01
8.435526800000000947e+01
1.050750217666666657e+02
1.233863072333333264e+02
1.390560973999999987e+02
1.517434399666666422e+02
1.609373030000000426e+02
1.663899881666666545e+02
1.680752584999999897e+02
1.660542834666666749e+02
1.603128202333332979e+02
1.509697599000000139e+02
1.380248236999999847e+02
1.215062409333333591e+02
1.018200310333333363e+02
7.927713969999999222e+01
5.439881510000000020e+01
2.750812580000000196e+01
-8.923568666666666926e-01
-3.006538440000000634e+01
-5.940011729999999091e+01
-8.848880099999999516e+01
-1.168019626666666824e+02
-1.439064888333333272e+02
-1.692574856000000239e+02
-1.924315635333333034e+02
-2.130958021000000144e+02
-2.308799709000000178e+02
-2.453636569666666389e+02
-2.562150970666667149e+02
-2.633724356666666608e+02
-2.670312616666666372e+02
-2.672836934333333261e+02
-2.641204356999999732e+02
-2.575920775333332813e+02
-2.480457393333333300e+02
-2.359038474333333681e+02
-2.213580063999999652e+02
-2.045983217999999795e+02
-1.860383312000000160e+02
-1.661456309333333365e+02
-1.453857183666666799e+02
-1.243417828333333404e+02
-1.034692120333333207e+02
-8.323114753333334193e+01
-6.381002743333333171e+01
-4.581463513333333992e+01
-2.945681520000000120e+01
-1.483892406666666552e+01
-2.243871433333333609e+00
8.151923333333334298e+00
1.616411606666666856e+01
2.195263449999999850e+01
2.553534103333333150e+01
2.688182246666666586e+01
2.618651053333332968e+01
2.348532340000000218e+01
1.891064503333333136e+01
1.294332973333333392e+01
5.976910566666666647e+00
-1.579294300000000373e+00
-9.461758599999997799e+00
-1.768735956666666453e+01
-2.594433803333333444e+01
-3.383007913333333505e+01
-4.095107166666667098e+01
-4.693331523333333166e+01
-5.166263109999999159e+01
-5.519526253333333443e+01
-5.734318156666666511e+01
-5.798449879999999013e+01
-5.717211653333333743e+01
-5.484216643333332541e+01
-5.123013870000000480e+01
-4.650517066666668597e+01
-4.079015853333333297e+01
-3.441369653333333645e+01
-2.757844086666666072e+01
-2.018548339999999897e+01
-1.240239836666666839e+01
-4.813145566666666930e+00
2.229221666666666657e+00
8.318233600000001005e+00
1.312501806666666404e+01
1.652016779999999940e+01
1.852038883333333530e+01
1.886423230000000117e+01
1.725771589999999733e+01
1.371403270000000063e+01
8.199214233333332658e+00
8.463296000000000152e-01
-8.239629733333334372e+00
-1.926209193333333403e+01
-3.222028569999999803e+01
-4.665214056666665954e+01
-6.202300056666667416e+01
-7.830645739999999932e+01
-9.526235173333331829e+01
-1.124910677000000163e+02
-1.297248811666666484e+02
-1.464269514666666510e+02
-1.622150755999999774e+02
-1.768153182666666510e+02
-1.900754621333333603e+02
-2.015670199333333699e+02
-2.108090304999999773e+02
-2.176205979999999727e+02
-2.219880150000000185e+02
-2.238836949666666953e+02
-2.230300189666666597e+02
-2.193156777000000091e+02
-2.126894396666666580e+02
-2.034393757666666716e+02
-1.919157983333333846e+02
-1.780873081666667019e+02
-1.619294674999999586e+02
-1.439098942000000250e+02
-1.245425760999999909e+02
-1.041531295999999855e+02
-8.313849353333334591e+01
-6.172409193333334798e+01
-4.051787243333332356e+01
-1.981246866666666762e+01
-2.927836666666659704e-02
1.857384803333333778e+01
3.571884133333333011e+01
5.112604750000001275e+01
6.429503656666666700e+01
7.508061636666666061e+01
8.357338483333333556e+01
8.968589226666668424e+01
9.318898830000001965e+01
9.392212436666666520e+01
9.187619743333334554e+01
8.728151483333334681e+01
8.017930586666666670e+01
7.090471863333331726e+01
5.975370603333333008e+01
4.716158753333333209e+01
3.327154229999999302e+01
1.831203513333333177e+01
2.633549399999999707e+00
-1.312647446666666617e+01
-2.885743423333333268e+01
-4.418464436666667439e+01
-5.875847883333332788e+01
-7.255529183333332810e+01
-8.533948640000002683e+01
-9.661658620000001463e+01
-1.063260219999999947e+02
-1.143350447999999773e+02
-1.206993201666666806e+02
-1.254532879666666645e+02
-1.285120262666666520e+02
-1.298436435333333350e+02
-1.294486325666666744e+02
-1.274584137666666521e+02
-1.240715526000000324e+02
-1.195100249999999988e+02
-1.140373141333333535e+02
-1.078719256999999914e+02
-1.013728030333333550e+02
-9.498038459999999361e+01
-8.885808900000000676e+01
-8.295710503333333463e+01
-7.735042493333334335e+01
-7.234019153333332497e+01
-6.821518276666667191e+01
-6.507867613333333168e+01
-6.313621916666666323e+01
-6.246637333333333686e+01
-6.298168869999999941e+01
-6.469842203333332975e+01
-6.758391060000001005e+01
-7.145730136666666965e+01
-7.632874656666665203e+01
-8.204105996666666556e+01
-8.820257166666665682e+01
-9.450745513333332326e+01
-1.007272664999999847e+02
-1.066677023333333381e+02
-1.121737181333333382e+02
-1.171371961666666550e+02
-1.214679884333333462e+02
-1.247567338999999862e+02
-1.267393279666666501e+02
-1.272217883666666722e+02
-1.260634635666666838e+02
-1.232361676666666881e+02
-1.186845135666666664e+02
-1.124936806333333408e+02
-1.046224179333333240e+02
-9.533123173333333966e+01
-8.485696166666667750e+01
-7.305332316666665804e+01
-6.002483563333332484e+01
-4.621555743333333055e+01
-3.205035583333333449e+01
-1.776594206666666409e+01
-3.501147133333334160e+00
1.053800986666666617e+01
2.394349586666665886e+01
3.641451730000000708e+01
4.782704283333334416e+01
5.764575276666666781e+01
6.550971203333332937e+01
7.133012170000000651e+01
7.501976799999998491e+01
7.653195986666666784e+01
7.584915613333332374e+01
7.280581739999999513e+01
6.743524859999999421e+01
5.990358870000000024e+01
5.030634020000000106e+01
3.867111086666666608e+01
2.517916076666666214e+01
9.981100633333333860e+00
-6.479225366666666375e+00
-2.390950559999999214e+01
-4.200556229999999402e+01
-6.022305853333333658e+01
-7.847855049999999721e+01
-9.638308806666664452e+01
-1.136237980000000078e+02
-1.300243681666666760e+02
-1.450623291666666717e+02
-1.584123426000000165e+02
-1.699997241999999744e+02
-1.797140218000000118e+02
-1.874283552000000270e+02
-1.928533041000000026e+02
-1.957862977333333276e+02
-1.962913754333333713e+02
-1.946057411000000457e+02
-1.907983389000000045e+02
-1.849227566000000422e+02
-1.771328606333333369e+02
-1.674417158999999913e+02
-1.561466033666666817e+02
-1.438857991333333359e+02
-1.309352942999999811e+02
-1.172779763333333420e+02
-1.033117259999999789e+02
-8.949154599999999959e+01
-7.592870239999999171e+01
-6.273844533333333118e+01
-5.038010356666666922e+01
-3.915556326666667530e+01
-2.919956433333333834e+01
-2.060019886666666977e+01
-1.328072650000000188e+01
-7.404930033333332773e+00
-3.193028733333333591e+00
-6.234119333333333346e-01
3.480843000000000687e-01
-1.227461999999999998e-01
-1.892253233333333062e+00
-4.721348333333334146e+00
-8.487713700000000472e+00
-1.314459410000000261e+01
-1.846515196666666725e+01
-2.429770556666666792e+01
-3.030400156666666689e+01
-3.630113060000000047e+01
-4.184389969999999437e+01
-4.662352623333333668e+01
-5.056868859999999444e+01
-5.379223783333332420e+01
-5.619470899999998892e+01
-5.770113966666665561e+01
-5.825095936666666319e+01
-5.778252766666665963e+01
-5.617768176666667301e+01
-5.356432960000000065e+01
-5.017659043333333813e+01
-4.610846769999999850e+01
-4.134852423333333604e+01
-3.613167196666667280e+01
-3.061107053333333639e+01
-2.500998049999999751e+01
-1.933748316666667222e+01
-1.390113986666666612e+01
-8.972722866666666519e+00
-4.948399933333333500e+00
-2.080902400000000263e+00
-4.329635666666666327e-01
-7.222123333333334283e-02
-1.147872833333333453e+00
-3.704938766666666439e+00
-7.689574266666666880e+00
-1.317460056666666546e+01
-2.027683100000000138e+01
-2.893560976666666562e+01
-3.900253200000000220e+01
-5.005354443333332881e+01
-6.183323773333333406e+01
-7.445334929999998508e+01
-8.768397926666665398e+01
-1.011247405666666879e+02
-1.144487526333333278e+02
-1.276250238333333442e+02
-1.402895134999999698e+02
-1.520206522333333510e+02
-1.624843633666667131e+02
-1.715852082666666547e+02
-1.791720194000000106e+02
-1.851067152333333183e+02
-1.890002817333333098e+02
-1.907361412333333135e+02
-1.901286642666666182e+02
-1.873658791333333227e+02
-1.824236261333333289e+02
-1.752427920333333020e+02
-1.658322651333333511e+02
-1.545026268333333235e+02
-1.417294413000000191e+02
-1.276125372000000056e+02
-1.121827564333333243e+02
-9.585292973333334032e+01
-7.896672949999998536e+01
-6.163368679999999245e+01
-4.438685116666668051e+01
-2.748996340000000060e+01
-1.123355729999999930e+01
4.096201666666665631e+00
1.821338416666667115e+01
3.092126650000000154e+01
4.205925700000000944e+01
5.135378443333333820e+01
5.837194936666666933e+01
6.310685519999999826e+01
6.570992673333333300e+01
6.619868410000000836e+01
6.463059136666667825e+01
6.106302723333332949e+01
5.574825216666666705e+01
4.866795383333332836e+01
3.996578233333332975e+01
2.976067136666666002e+01
1.816497963333333487e+01
5.659817966666667033e+00
-7.333115699999997794e+00
-2.059679343333333534e+01
-3.393521986666666379e+01
-4.686210056666666901e+01
-5.911498029999999915e+01
-7.080009206666665023e+01
-8.170580510000000629e+01
-9.144203450000000544e+01
-9.971432676666664463e+01
-1.065706790333333345e+02
-1.119206008666666889e+02
-1.158245765666666642e+02
-1.183492371666666543e+02
-1.194949682999999823e+02
-1.192285076666666868e+02
-1.176276882666666523e+02
-1.147994499666666712e+02
-1.109611844333333295e+02
-1.062654092333333580e+02
-1.011311445333333268e+02
-9.579700756666669292e+01
-9.045736633333335419e+01
-8.518870406666665929e+01
-8.004842086666667456e+01
-7.516224016666666330e+01
-7.080347593333333123e+01
-6.719744523333332609e+01
-6.443729450000000725e+01
-6.280137119999999840e+01
-6.218164316666666025e+01
-6.264247146666665600e+01
-6.416252380000000244e+01
-6.675668556666667541e+01
-7.023575086666666323e+01
-7.457346099999999467e+01
-7.963364110000000551e+01
-8.516131053333334933e+01
-9.079086493333333863e+01
-9.631699226666667357e+01
-1.016421764666666547e+02
-1.065891841333333474e+02
-1.109483337000000205e+02
-1.144813720666666796e+02
-1.172131013999999851e+02
-1.189632678999999911e+02
-1.194641907333333108e+02
-1.185023540666666406e+02
-1.160714183333333409e+02
-1.121484877000000040e+02
-1.066999791000000073e+02
-9.977549610000002644e+01
-9.161513429999999403e+01
-8.222673206666665635e+01
-7.166751836666665554e+01
-6.004706740000001020e+01
-4.764741056666667163e+01
-3.483198886666666283e+01
-2.190091010000000082e+01
-8.932414300000001361e+00
3.871655933333333355e+00
1.607448199999999972e+01
2.740609066666666394e+01
3.769207570000000374e+01
4.678606693333333055e+01
5.420374060000001037e+01
5.955479766666667274e+01
6.293908853333334719e+01
6.436723650000001840e+01
6.370983426666666816e+01
6.099909476666667274e+01
5.634137913333334069e+01
4.966435913333332763e+01
4.108463383333332786e+01
3.055624066666667105e+01
1.801231259999999779e+01
3.960604733333333627e+00
-1.105482466666666674e+01
-2.696196829999999167e+01
-4.357575393333332414e+01
-6.040481129999999865e+01
-7.722624373333334802e+01
-9.364011436666666555e+01
-1.093806050999999826e+02
-1.243973194666666728e+02
-1.382925051000000281e+02
-1.506922904999999844e+02
-1.613631345000000010e+02
-1.703284681333333310e+02
-1.775119152000000042e+02
-1.827820553999999618e+02
-1.859386306999999761e+02
-1.867285883999999783e+02
-1.854001194333333444e+02
-1.818688802333333854e+02
-1.764274608333333560e+02
-1.690542722999999796e+02
-1.599534487333333459e+02
-1.495859256333333462e+02
-1.383768919000000039e+02
-1.264322803666666744e+02
-1.137696756333333212e+02
-1.008143517333333250e+02
-8.792777956666665773e+01
-7.520323406666668120e+01
-6.272780060000000191e+01
-5.104061129999999480e+01
-4.050009553333333656e+01
-3.122647213333333482e+01
-2.319005566666666951e+01
-1.623573763333333275e+01
-1.057846829999999727e+01
-6.494303600000000287e+00
-4.075833133333333969e+00
-3.212454733333333312e+00
-3.658547566666666473e+00
-5.257717633333332863e+00
-7.891866766666665534e+00
-1.147701503333333406e+01
-1.588990223333333418e+01
-2.101395046666666744e+01
-2.655562733333333014e+01
-3.214954219999999196e+01
-3.762932106666666954e+01
-4.274902169999999302e+01
-4.731783146666666795e+01
-5.108169093333333421e+01
-5.410459703333333437e+01
-5.639605900000000815e+01
-5.776406550000000095e+01
-5.778109279999999615e+01
-5.605067346666665884e+01
-5.234676279999999338e+01
-4.686424246666667415e+01
-3.962613663333333136e+01
-3.101786149999999509e+01
-2.121497936666667172e+01
-1.035257350000000010e+01
1.114546566666666960e+00
1.254403516666666718e+01
2.344265880000000024e+01
3.361264436666667166e+01
4.273246559999999761e+01
5.025390913333333032e+01
5.550839279999999576e+01
5.816871460000001548e+01
5.822716413333333918e+01
5.566720666666666517e+01
5.035830020000000218e+01
4.216424779999999828e+01
3.104375573333333449e+01
1.693212039999999874e+01
2.064261000000000013e-01
-1.868558543333333333e+01
-3.958514283333333594e+01
-6.208969603333331833e+01
-8.581759889999999302e+01
-1.102764531000000119e+02
-1.350489943333333258e+02
-1.596197145333333651e+02
-1.834584765000000175e+02
-2.060378212333333465e+02
-2.267898305333333440e+02
-2.452710245333333319e+02
-2.610558503666666752e+02
-2.737385237999999958e+02
-2.831465234999999439e+02
-2.889354701999999975e+02
-2.910578804666666883e+02
-2.892668270000000348e+02
-2.836397998999999572e+02
-2.740108743333333337e+02
-2.605205305333333285e+02
-2.435791789999999821e+02
-2.237620839333333720e+02
-2.013126390666666623e+02
-1.764545759666667095e+02
-1.495523422333333485e+02
-1.211828728000000126e+02
-9.207636939999999015e+01
-6.266759470000000221e+01
-3.353810986666666594e+01
-5.268683766666666379e+00
2.182519770000000037e+01
4.720992786666666774e+01
7.033793583333334709e+01
9.095111396666666792e+01
1.086817807333333405e+02
1.230814443333333372e+02
1.341905207000000075e+02
1.418423565999999880e+02
1.457322821333333422e+02
1.460485822999999925e+02
1.430017094333333318e+02
1.365266819999999939e+02
1.267838773000000003e+02
1.142877754666666874e+02
9.944491036666667583e+01
8.252589786666666782e+01
6.394980086666667063e+01
4.411291586666666831e+01
2.345032643333333766e+01
2.443486566666666082e+00
-1.834583266666666290e+01
-3.855371919999999619e+01
-5.783611546666666214e+01
-7.598713056666665011e+01
-9.247859839999999565e+01
-1.069817534666666603e+02
-1.196165363666666650e+02
-1.302703316999999856e+02
-1.385611932333333129e+02
-1.442628617999999960e+02
-1.475322240000000136e+02
-1.486593643999999870e+02
-1.477981062333333284e+02
-1.451707038999999781e+02
-1.409711607000000129e+02
-1.354115572333333262e+02
-1.286920225333333292e+02
-1.209553715999999923e+02
-1.127150777333333309e+02
-1.043041473666666690e+02
-9.612418803333333983e+01
-8.853416423333332830e+01
-8.155744299999999214e+01
-7.537909676666666314e+01
-7.026151663333332920e+01
-6.635527059999999722e+01
-6.388383363333333875e+01
-6.306267000000000422e+01
-6.375673966666667525e+01
-6.595693986666667286e+01
-6.949576116666666792e+01
-7.427339583333331063e+01
-8.030813473333334684e+01
-8.727292619999998635e+01
-9.472234129999999652e+01
-1.023409366333333281e+02
-1.097937141999999966e+02
-1.169634967000000074e+02
-1.238973178999999760e+02
-1.301857094333333293e+02
-1.353657013333333055e+02
-1.391225358666666523e+02
-1.412871823333333623e+02
-1.416558064333333391e+02
-1.401340835333333530e+02
-1.366806341333333137e+02
-1.312471180000000004e+02
-1.237337918000000059e+02
-1.141647294333333491e+02
-1.027004580333333337e+02
-8.973588173333334339e+01
-7.542330333333332248e+01
-5.986454379999999276e+01
-4.353398903333333436e+01
-2.666640076666667625e+01
-9.548758300000001142e+00
7.500111366666663670e+00
2.409712670000000045e+01
3.996042793333334231e+01
5.478112530000000646e+01
6.796320069999998736e+01
7.928377923333336241e+01
8.864031146666665961e+01
9.579364496666666184e+01
1.003201757666666794e+02
1.021018481000000122e+02
1.011206711333333317e+02
9.740320293333333268e+01
9.090870650000002229e+01
8.166978006666667511e+01
6.980764920000001439e+01
5.570790073333333225e+01
3.964417063333333147e+01
2.182588310000000220e+01
2.526759566666666679e+00
-1.774810089999999718e+01
-3.869199343333334440e+01
-5.985702616666665676e+01
-8.104870283333333703e+01
-1.017125343333333518e+02
-1.215945255666666895e+02
-1.403358619333333763e+02
-1.575188933999999676e+02
-1.729434909666666726e+02
-1.863115597999999693e+02
-1.973148956999999371e+02
-2.056490214000000094e+02
-2.114589148999999679e+02
-2.146551563333333092e+02
-2.151635110333333216e+02
-2.129947522999999876e+02
-2.083535712666666484e+02
-2.015254477666666446e+02
-1.927625563333332934e+02
-1.819998080666666453e+02
-1.694161711666666861e+02
-1.552822826999999677e+02
-1.403776483000000326e+02
-1.249651517666666649e+02
-1.092140378000000140e+02
-9.351396273333332942e+01
-7.809060750000000439e+01
-6.310156500000000079e+01
-4.916705599999999521e+01
-3.656335043333333346e+01
-2.534609216666666853e+01
-1.550645700000000282e+01
-7.280855933333333141e+00
-9.226418666666666990e-01
3.609179233333334125e+00
6.213685799999999482e+00
7.201759466666667997e+00
6.616085933333333280e+00
4.642080533333332149e+00
1.354191833333333372e+00
-2.990779133333333561e+00
-8.167558300000001381e+00
-1.408265669999999936e+01
-2.053941483333333196e+01
-2.721262246666666229e+01
-3.378265990000000585e+01
-3.993849593333332848e+01
-4.531184900000001647e+01
-4.979665759999999608e+01
-5.333164503333333784e+01
-5.594808160000000186e+01
-5.757537353333332675e+01
-5.813418873333333181e+01
-5.758139186666666376e+01
-5.581854593333333270e+01
-5.296741169999999954e+01
-4.923383713333333134e+01
-4.468710919999999476e+01
-3.943947936666667431e+01
-3.373095700000000363e+01
-2.781007579999999635e+01
-2.169182823333333232e+01
-1.551495989999999914e+01
-9.665571566666667280e+00
-4.502071433333332706e+00
-2.599923333333333808e-01
2.859679933333332258e+00
4.574357066666667748e+00
4.926039533333334219e+00
3.807509266666666115e+00
9.940706000000001374e-01
-3.476794900000000244e+00
-9.469083533333332525e+00
-1.713888920000000127e+01
-2.638227053333333672e+01
-3.710085506666667499e+01
-4.899342076666666657e+01
-6.176472156666667956e+01
-7.541623546666666300e+01
-8.963114803333333214e+01
