8.715331974208339050e-01
8.454810061974551427e-01
8.033235241734014709e-01
7.673645802028280505e-01
7.223529265908452679e-01
6.466966126327506892e-01
5.606023659736841802e-01
4.776652971730145913e-01
3.742274989247172945e-01
3.271325639786558104e-01
4.063739518275318319e-01
5.063175848243441912e-01
6.113755855480841328e-01
7.511854012163886596e-01
8.990929987149450797e-01
1.055883222901449203e+00
1.179961475868438248e+00
1.219724293990916753e+00
1.253331077022633355e+00
1.288349275093881863e+00
1.285760163974660086e+00
1.301139101428240741e+00
1.307548871059977635e+00
1.300342548767771778e+00
1.275061917890833119e+00
1.223318648897981253e+00
1.144368695557761884e+00
1.003645377165151231e+00
8.537121277512673689e-01
7.544635611712000589e-01
6.769722016796062558e-01
6.399991152422229712e-01
5.625345077768504343e-01
5.122009071698777616e-01
5.072310416547687328e-01
5.037190844994205996e-01
4.708478229414463367e-01
4.355262746023091935e-01
5.166429434365492623e-01
6.608821692980449969e-01
7.256093152268990876e-01
7.891656505402266930e-01
8.526522011285918579e-01
8.727181830243535554e-01
8.415944512896906815e-01
8.006497694478103000e-01
7.637541154873492832e-01
7.548758455690873781e-01
7.502673246102127269e-01
7.074368807666919778e-01
6.079591354705825568e-01
5.094822971541945744e-01
4.082668277037710403e-01
3.334239028943660199e-01
3.610269128619459922e-01
4.039357459946226747e-01
4.445383797090700084e-01
4.719206552716069258e-01
5.195746568121111242e-01
5.598249921634866899e-01
5.852131277738448212e-01
5.837252373499279834e-01
5.618728708461667720e-01
5.863720248972725813e-01
6.148685282472280411e-01
6.297452447405751386e-01
6.166830876602511502e-01
6.214033695207082930e-01
5.930664594316270577e-01
5.852776437316665747e-01
5.452559169886188606e-01
4.611899639375381943e-01
4.446678895473248350e-01
3.929774134504085970e-01
3.382936451763682850e-01
3.323206955764884118e-01
3.616797810038224203e-01
4.068385492558844185e-01
4.220057145356904127e-01
4.110812269740798941e-01
3.748915892240561876e-01
3.807098912245990285e-01
3.957884264280875364e-01
3.935909911473581269e-01
3.635307673161175535e-01
3.431126648724325823e-01
3.537034862238826460e-01
3.979357581597315341e-01
4.403978224558942611e-01
5.195839235094811270e-01
5.797470445607783018e-01
6.399615543836832954e-01
6.761313561988430143e-01
6.900515382300533851e-01
7.326499068872985854e-01
8.034939862250513043e-01
8.952242158083377754e-01
9.658172829062147136e-01
9.605499878908729805e-01
9.479392422008822150e-01
9.526778646740544643e-01
9.710528297837329736e-01
9.674840018600686653e-01
9.316253523240795031e-01
8.592822246030440425e-01
7.465858217936881536e-01
6.040282684281784720e-01
4.776284832361471500e-01
4.209544757451408881e-01
4.167538096618894627e-01
3.679926687547945829e-01
3.235521188352553090e-01
3.365235155128311617e-01
4.212135506055482148e-01
5.387006919493356749e-01
6.169317851467829295e-01
6.710010501189297427e-01
7.666231546220728665e-01
8.685689306976421831e-01
9.427872383638967735e-01
9.691420289097610885e-01
9.833590242277321369e-01
9.927064576007798014e-01
9.737642302621700718e-01
9.448735717440859272e-01
9.335728495104919089e-01
9.084845755158644787e-01
8.408819194354181237e-01
7.318422477152096706e-01
6.094135633618475989e-01
4.719148585222923131e-01
3.611252805105601427e-01
2.868162421107067206e-01
2.911007374645537826e-01
3.792240415819412847e-01
4.690901134607736167e-01
5.881061439542295544e-01
6.987032557595521665e-01
8.436890179233496045e-01
9.570396760069090902e-01
9.922855286586281798e-01
1.000219979834629624e+00
1.018392878243604915e+00
1.041866756125928717e+00
1.036023011533428351e+00
1.008010694184960254e+00
9.485861794788807977e-01
8.722873569782871872e-01
7.774983585674991593e-01
7.356628262801893081e-01
7.015590266040691025e-01
6.616767157570572211e-01
6.439443012042005421e-01
6.076568067190889488e-01
5.217038725467212368e-01
4.134284160476756620e-01
3.607127882049589451e-01
3.761822018697986714e-01
4.148016427845482301e-01
4.072116967507468654e-01
3.757614038104440390e-01
3.680173734673842789e-01
3.660608794992074033e-01
3.697020769229144577e-01
3.909139824614723535e-01
4.215316259716658798e-01
4.347870558421747522e-01
3.999999905653106036e-01
3.643846593422330193e-01
3.661846907190852152e-01
3.512375519076966768e-01
3.209670322395217767e-01
3.769129432919778866e-01
4.394371481430525694e-01
4.992558954395823201e-01
5.500295714286608240e-01
6.021114017740352153e-01
6.569943533904785138e-01
6.905833351500131334e-01
6.999606878382018671e-01
6.914834073782691881e-01
6.508187171877144461e-01
6.196014824862878800e-01
6.050087063813039956e-01
5.910136661868281571e-01
4.973690184499231504e-01
4.031365474523889159e-01
4.004326503244320379e-01
4.078858702549430504e-01
3.982594816317957531e-01
3.984242959427955477e-01
4.416764929149452068e-01
4.661655787921089589e-01
4.750242095194677772e-01
5.112799549573207036e-01
5.653942485173267807e-01
5.995794722629405049e-01
6.385399363122468142e-01
6.870773894464275999e-01
7.624364639497488438e-01
8.124639799777979565e-01
8.110203126725594736e-01
7.910348951765370229e-01
7.454721407483563267e-01
6.841637513260018233e-01
6.261646666903487590e-01
5.740855083474891707e-01
5.388830897545971998e-01
5.181973719721536531e-01
4.802300514472665482e-01
4.532642567824141100e-01
4.506777675531732363e-01
5.141460469404053324e-01
6.219538674315393534e-01
7.749246827253446490e-01
9.146514095807453115e-01
1.000318582682858670e+00
1.076471137196173267e+00
1.150089265148861895e+00
1.203566505152081856e+00
1.227959680033060774e+00
1.254504481304641095e+00
1.241590353457165063e+00
1.210568610354285202e+00
1.173619941812160672e+00
1.120862793398207158e+00
1.046346357230806712e+00
9.577389438131500565e-01
8.672764307922569138e-01
7.803903914754856119e-01
6.856638107375643276e-01
5.617412091969586907e-01
4.875780613073658620e-01
4.529563843936908474e-01
4.216829589179288962e-01
4.547315203759375590e-01
5.137098014756118491e-01
5.928322802350534104e-01
6.487654332796987111e-01
6.730442002873583407e-01
6.852377482198653835e-01
7.118969761452418332e-01
7.620027610266025819e-01
8.146234894088905110e-01
8.409969762716745789e-01
8.219010760951434014e-01
7.601485258702800341e-01
7.226941606300730792e-01
6.966147444444913406e-01
6.479046117958480178e-01
5.547296356355436719e-01
4.409439469114506127e-01
3.388062963131083793e-01
2.965053187699381865e-01
3.473855758864504151e-01
4.155842955408949324e-01
4.669708723639104386e-01
4.799135064626733338e-01
4.935817473087710794e-01
5.521791319439082191e-01
6.002948789645746741e-01
5.928086993474651623e-01
5.483096439364493202e-01
5.397406673553196699e-01
5.593412028964260818e-01
5.850529090261866738e-01
5.501527778308304972e-01
4.941916195580199900e-01
4.639665278883339794e-01
4.668267216381742357e-01
4.206615127802216803e-01
3.157724147838825157e-01
3.078107444036281559e-01
3.952097434103742923e-01
4.397972247396213508e-01
4.821502186114057231e-01
5.828826849046430114e-01
6.723645074462386573e-01
7.105841330235621589e-01
7.014004597652676587e-01
6.934736778234229515e-01
6.597838835646596678e-01
6.077134926534812909e-01
5.726365971167489688e-01
5.653275242544781864e-01
5.150623347301437338e-01
4.589545798258199416e-01
4.699513656937703843e-01
5.029422366366422814e-01
6.108682313765384508e-01
7.497644912139521667e-01
9.180973655637202357e-01
1.079591229370959748e+00
1.216258880819925725e+00
1.334109817341803117e+00
1.430804952464461710e+00
1.516491056891240641e+00
1.585235581976179864e+00
1.634780302984706779e+00
1.674592539638157573e+00
1.671324294927841070e+00
1.644577616888759808e+00
1.590239827356194846e+00
1.527090557570223162e+00
1.410431294192517448e+00
1.250368681061644782e+00
1.055869181153507919e+00
8.190854977378334567e-01
5.983931660545620534e-01
4.295694695789503137e-01
3.909363613452324082e-01
4.349750227103237887e-01
5.621660270157226025e-01
7.158191511653998473e-01
8.865528831899118778e-01
1.073449005142796286e+00
1.254900830394537481e+00
1.393978797441199236e+00
1.509373554241898674e+00
1.596878774506639509e+00
1.651037420053822258e+00
1.712158031176145512e+00
1.756339079576153983e+00
1.739633314282849730e+00
1.690246323249450011e+00
1.623150813356296629e+00
1.510367436641882666e+00
1.372056388094084811e+00
1.195375688602861697e+00
9.767481758602326591e-01
7.408116321986074615e-01
5.515363583423411598e-01
4.230189929866350340e-01
3.861439389560428204e-01
4.567254925362813633e-01
6.139350032469828022e-01
7.679154742827984936e-01
8.935461916690300432e-01
1.046009003437371465e+00
1.203751479059819829e+00
1.358750592630358245e+00
1.439573185522785792e+00
1.468059523841865666e+00
1.455781248925662519e+00
1.452564725449761784e+00
1.427342708878995836e+00
1.369883383753442541e+00
1.274734845764997182e+00
1.157581673209763018e+00
1.066714144646615292e+00
9.759621313348152416e-01
8.575136871345235834e-01
7.230324754871586546e-01
6.202124063234001339e-01
5.709862277078578963e-01
5.139483283474116648e-01
4.703337061196539159e-01
4.869301281361786971e-01
5.405142334521574332e-01
5.480328558597241662e-01
4.996433478753241064e-01
4.769541626564468562e-01
5.101473269801676258e-01
5.443874390086899107e-01
5.464183315401416330e-01
5.366946429408118169e-01
5.512753754179934296e-01
5.218543950191047998e-01
4.425675824970835559e-01
4.018920826036384564e-01
4.061525307499422310e-01
3.910633874449401248e-01
3.889960120061554671e-01
4.399005686192978826e-01
4.872435763659127561e-01
5.193953802104998019e-01
5.803446302898161990e-01
6.351330905349286127e-01
6.572458889391772363e-01
6.723809223084160624e-01
7.039018595752585261e-01
7.028618534008173047e-01
6.780823764027830158e-01
6.498560366768080243e-01
5.882105988205018621e-01
5.474344922851764883e-01
5.166185722723229956e-01
5.188412865462218582e-01
5.305594137289524337e-01
5.309224395932898855e-01
5.239735735497321745e-01
5.672284241591849518e-01
6.167771248417912577e-01
6.864051065152867448e-01
7.398406412533686805e-01
8.202779024075986802e-01
9.124273828082130056e-01
9.814044048351205918e-01
1.033720646255380959e+00
1.046424397783930926e+00
1.049212072903570991e+00
1.027649842752839993e+00
1.001102985017184199e+00
9.777168741193783541e-01
8.996531252357549135e-01
7.722145370593502811e-01
6.548592265100861010e-01
5.557810350768732643e-01
4.423855663523232340e-01
3.422698502343833327e-01
3.351979270397782984e-01
4.622042975082533700e-01
6.445079947743665993e-01
7.994290511642403452e-01
9.008813730729755553e-01
1.032267852009395082e+00
1.180796670372565638e+00
1.321030991459722026e+00
1.410958535244800638e+00
1.457409699342395060e+00
1.455213542403030136e+00
1.456227253827752532e+00
1.442925455851271188e+00
1.402873908358853949e+00
1.352344094248855155e+00
1.291031640686715276e+00
1.218598049244855153e+00
1.117304110498519965e+00
1.002802109786064655e+00
8.751662650948004440e-01
7.646106602766543636e-01
6.576946971789220386e-01
5.289407968191357501e-01
4.107794319098871938e-01
3.382155763095959777e-01
2.818771415910020228e-01
3.281000702425078686e-01
4.552076541942693955e-01
5.780275457020190855e-01
6.508303251846562221e-01
7.088659256457332525e-01
7.884170247636781426e-01
8.722369014263934295e-01
9.404615629598620519e-01
9.800675356288711670e-01
9.887892492528992383e-01
9.332742756048902910e-01
8.738961190335340357e-01
8.448531481138443766e-01
7.548588740952234533e-01
6.265066287077031282e-01
5.322733529849739131e-01
4.665693964103241886e-01
4.523154860955705403e-01
4.386752180664318379e-01
4.265218816296091897e-01
4.390486861604101509e-01
4.766478710081983872e-01
5.288238164699533561e-01
5.795379659147807949e-01
6.589827771447963611e-01
7.086477855545606497e-01
7.229609467259016098e-01
6.637599299186648372e-01
5.896150896921134033e-01
5.313708773420555698e-01
5.102898258363564032e-01
4.848115937914381779e-01
4.648333974800542001e-01
4.322300938405146953e-01
3.900188812238666314e-01
3.398205583121862716e-01
3.092611890238132211e-01
3.111123449958391185e-01
3.708503822031627428e-01
3.844155109916509439e-01
4.105233898832471029e-01
4.754228789096214269e-01
4.866280429184391965e-01
4.406052391627026665e-01
4.109249475638852012e-01
4.294088563719319351e-01
4.523333996058900297e-01
4.485627330111683353e-01
4.745253947285354434e-01
4.937621001710350011e-01
4.856694994120552833e-01
4.511058550319424487e-01
4.432997393441957534e-01
5.332308047698591791e-01
5.924347275230326115e-01
6.852686554860384360e-01
7.344504187406383222e-01
7.728560107706528015e-01
8.176196731072035151e-01
9.130680227439913477e-01
1.017239859852798523e+00
1.071306175862483112e+00
1.075844941923313813e+00
1.088051902433215590e+00
1.097254250143114840e+00
1.086052763297859158e+00
1.039734919650860512e+00
1.013133871319044976e+00
1.000572351383053116e+00
9.217524410503101784e-01
7.854929987029243277e-01
6.730620078442729470e-01
5.558092694542594581e-01
4.672023188342845912e-01
4.040749139729524209e-01
3.863427537077854246e-01
4.047525326320278727e-01
4.282514337070817412e-01
4.736473166352900832e-01
5.626427066193601112e-01
6.891444515497808787e-01
8.050266306918753001e-01
9.024209784359511488e-01
9.652045745993776960e-01
9.940417605693976366e-01
9.924749504778154208e-01
1.004827471058546529e+00
1.033596615289921639e+00
1.014059454601616173e+00
9.676843216801283010e-01
8.964682588096846150e-01
8.024152770658961042e-01
7.197816774557243003e-01
6.181935147332281444e-01
5.057507566398289356e-01
4.263377241777845383e-01
3.558087767230538878e-01
3.577024454544094900e-01
4.168832167943146150e-01
5.234327789901555006e-01
6.203553443479699059e-01
7.471349829896659633e-01
8.679781190953108627e-01
9.821231892002602049e-01
1.013214649238106002e+00
9.950827517730599370e-01
9.893689401145290274e-01
1.026116709094319290e+00
1.065065580362823283e+00
1.058555408468480286e+00
1.008061250217322069e+00
9.480332456783132633e-01
8.763742911666105861e-01
8.087556906832001902e-01
7.403548890983893127e-01
7.038300912127747333e-01
6.740623695789461634e-01
6.237734936720477075e-01
5.821191830115165500e-01
5.682361476091862817e-01
5.236706139127373927e-01
4.738849203829554324e-01
4.286412376120371515e-01
4.210004155360843048e-01
4.324025888055520461e-01
4.253997639306154599e-01
4.018585479355876178e-01
3.940982887948709656e-01
4.144005144077952951e-01
4.291711195200655915e-01
4.409558714012956071e-01
4.539206985919950199e-01
4.333282537924801892e-01
3.944142113027103158e-01
3.672677874688533572e-01
3.493901348941549911e-01
3.604574758637037468e-01
3.444863506078128523e-01
3.892510566096287206e-01
4.545832095283623420e-01
4.851634794939870265e-01
5.039551442049279295e-01
5.322259559651771887e-01
5.335221778364042100e-01
5.241718227034419808e-01
5.174959829292562485e-01
5.077557382913615580e-01
4.907825499140281988e-01
4.796214924281950731e-01
4.520439221276277286e-01
4.489177511729440240e-01
4.335711410662754783e-01
4.028113541764252181e-01
4.124515921934017726e-01
4.127597011243291369e-01
3.864526524390737294e-01
3.587146202384920990e-01
4.080991163697041402e-01
4.901786406568995336e-01
5.681476738582444952e-01
6.341517298669498981e-01
7.029932745081305390e-01
7.579491335993110424e-01
7.762080182784294458e-01
7.774737857904353566e-01
7.830331556448303365e-01
7.499296594679648598e-01
7.012200816259613889e-01
6.673445375856291717e-01
5.783591557017997431e-01
4.665729509347155690e-01
4.071572133816501737e-01
3.707014925255201487e-01
3.376228521664298987e-01
3.271898014485039030e-01
4.117107757782501598e-01
5.283496327501194800e-01
6.727053886240610403e-01
8.170609775666073382e-01
9.358827327039679345e-01
9.752706035457074929e-01
1.009514841964301635e+00
1.091261269610733109e+00
1.189409374268609820e+00
1.242269514664670726e+00
1.289484440970390722e+00
1.280017276378549118e+00
1.215777922628556107e+00
1.152461453209827180e+00
1.072311568732743137e+00
9.752943940789138288e-01
8.714956961050001061e-01
7.910836518625465885e-01
7.039997615484446802e-01
5.871762984936000906e-01
4.865894724410215755e-01
4.472673209278322792e-01
4.285618601158158736e-01
4.206347531877936419e-01
3.992479278813678700e-01
4.111567587299420068e-01
4.641609935793880592e-01
5.639659468459111702e-01
6.205571653974257806e-01
6.510544409399001697e-01
6.790895088787872735e-01
7.282305474054436845e-01
7.700172953355075567e-01
7.808428493579094853e-01
7.762138255345510940e-01
7.671993750728125505e-01
7.611839562653330837e-01
7.326738228640331529e-01
6.666059143817691934e-01
5.736556278243795104e-01
5.028330974537964515e-01
4.304544411037770635e-01
3.352844213703458642e-01
2.995609436728670083e-01
3.386907420469872365e-01
4.341049044208972196e-01
5.214861166309437968e-01
5.384177516996101476e-01
5.656950592734869554e-01
5.904743284869486963e-01
5.889717175933367743e-01
5.420250377121420549e-01
4.992981502005707783e-01
4.743533896487802104e-01
4.670763291250454863e-01
4.597613169839860348e-01
4.566984581791418973e-01
4.275723368221191478e-01
4.542605621806109495e-01
4.747764715763785337e-01
4.383198999251128880e-01
4.086900820534689616e-01
3.573206179810816674e-01
3.633128061904247752e-01
3.666899490436653641e-01
3.289904720367778368e-01
3.122943587608764671e-01
3.492858590231742721e-01
4.045237313161209602e-01
4.100473967155470190e-01
4.034686050696667525e-01
3.749563651498435957e-01
3.387415703175244430e-01
3.105646877545428786e-01
3.100883513790794188e-01
3.321941936843175736e-01
3.761904248171253906e-01
4.262408414757978825e-01
4.510776709808005380e-01
4.894573566826366240e-01
5.279062690569330529e-01
5.624685963511413256e-01
6.364301425052266703e-01
7.196487328932602567e-01
8.229532853262473413e-01
9.131528985792579656e-01
9.599906561144778694e-01
9.664845380618241055e-01
9.838161941655823028e-01
1.008671754863075920e+00
1.028481166656675549e+00
9.831127519547264715e-01
8.927873300782591670e-01
8.335580600626989467e-01
8.247196180115253794e-01
8.061723703857606171e-01
7.057054988339261925e-01
5.877578336910719292e-01
5.133158494184488774e-01
4.319498045412035192e-01
3.901377230810452734e-01
4.070956631554534799e-01
4.887801239419570232e-01
6.005735024424984081e-01
6.586284025166788680e-01
7.356414856131719970e-01
8.457592903197928003e-01
9.250454289371569105e-01
9.565727698137181934e-01
9.521309626441853968e-01
9.430658282892715460e-01
9.638851902642125991e-01
1.016392163547415128e+00
1.015368652861296628e+00
9.623693967017834527e-01
9.103119931666934228e-01
8.499168703954298465e-01
7.728651892178347582e-01
6.717855864646941066e-01
5.422583525885501521e-01
4.051713155999898119e-01
3.493158280500719970e-01
3.298896794769550223e-01
3.898253511666128768e-01
5.183006290309213338e-01
6.164893679860016240e-01
6.750361557040244209e-01
7.646441327893702677e-01
7.835649212372886030e-01
7.800926949106122832e-01
8.017377853993291614e-01
8.179705461955814050e-01
8.245662824960970916e-01
8.430804671755816049e-01
8.884842147505197518e-01
9.205308807799612580e-01
8.917803246493907210e-01
8.400278578210427227e-01
8.028734493770371961e-01
7.501417575997995080e-01
7.047059378383454531e-01
6.629169801286577401e-01
5.665510964272123529e-01
4.335964274708759558e-01
3.610760208107366420e-01
4.203990126363233437e-01
4.616886480175922958e-01
4.571677510089326435e-01
4.272960746043023561e-01
4.032109032025699147e-01
3.881258501047209486e-01
3.869538766100968918e-01
3.790239194374001586e-01
3.798896856310957637e-01
3.876811380952074892e-01
3.818796703601926579e-01
3.859823718475348664e-01
3.760704120490320213e-01
3.781866389731817213e-01
4.097446070464711987e-01
4.078572534678234773e-01
4.482218008093307171e-01
5.248853929619138325e-01
5.774519143823959588e-01
6.774389960190130289e-01
7.865782401099280507e-01
8.328301320613843428e-01
9.024529850910234519e-01
9.605904586877024309e-01
9.589810989497371541e-01
9.138139366167523647e-01
8.758495264625231203e-01
8.220830188134484739e-01
7.403765398323384206e-01
6.163448165796872047e-01
4.779660424127365470e-01
4.157675403361520972e-01
4.077836998282896031e-01
4.432758486468169057e-01
5.264687457729652076e-01
6.574478024334394766e-01
7.930231028780068137e-01
9.443716452443425835e-01
1.054734471672826635e+00
1.147649030271092663e+00
1.237300681577281791e+00
1.322075123600962687e+00
1.401978240509327289e+00
1.455946887734037132e+00
1.466684701391938850e+00
1.447306748009184574e+00
1.419772846596354388e+00
1.376692917655610193e+00
1.265364152043688462e+00
1.093963477361736381e+00
8.688832592762762985e-01
6.487439739558020779e-01
4.633786218606207319e-01
3.673244074934715053e-01
3.989192777433069881e-01
5.050734664031945043e-01
6.891447025340596833e-01
9.048673678003217313e-01
1.097630321895878280e+00
1.300210738300885849e+00
1.486979091904855776e+00
1.662486113421981715e+00
1.803859038898559808e+00
1.914624429842631592e+00
1.970347706834310042e+00
1.994343965599258084e+00
1.989257861156318086e+00
1.928322208070748722e+00
1.845573649440767294e+00
1.760603418453668745e+00
1.637730103517094582e+00
1.478357095998505732e+00
1.299152248238147900e+00
1.098416362598412688e+00
8.938923436229284647e-01
7.268875093425892775e-01
5.485756132901253856e-01
3.843830245866497464e-01
3.315966367837243078e-01
3.942696471055187057e-01
5.157689523444890511e-01
6.276406549375833643e-01
7.450637911716362360e-01
8.960947463420171344e-01
1.014949122865600906e+00
1.094854685173326958e+00
1.165094881544095795e+00
1.227150326368769306e+00
1.257830895105185531e+00
1.237841233328042412e+00
1.179643301884300222e+00
1.107504139652179420e+00
1.031092744893064017e+00
9.141699960681106685e-01
8.024263804629350183e-01
6.803744780546699955e-01
5.580571346003362354e-01
4.551633418471290327e-01
4.058263658459849710e-01
4.049224022803219469e-01
4.161124713315397239e-01
4.972664344585426832e-01
5.514717862606942633e-01
5.697727644312307049e-01
5.819692164920013955e-01
6.106268967712760176e-01
6.445865784487805339e-01
6.592345091382851852e-01
6.514350882027816203e-01
6.045827921164849128e-01
5.877188173977249130e-01
5.730321687167316824e-01
5.228078209966967593e-01
4.767113395400133791e-01
4.803079302883093704e-01
4.562853169530002861e-01
3.995144038063376812e-01
3.881724101782887959e-01
3.896170895363574305e-01
3.953404756135386888e-01
4.058752867244731499e-01
4.221581518257435106e-01
4.602030236147516828e-01
4.769835201593566887e-01
4.751097892763646025e-01
4.645160862584779005e-01
4.805735542026949303e-01
5.270787832430336994e-01
5.229629219263793871e-01
4.352400143752392925e-01
3.485231885803061203e-01
3.587128807522182439e-01
4.207455233510055681e-01
4.877138619756960503e-01
5.391383757943611910e-01
6.025860044572901586e-01
7.085276279269290267e-01
8.279563562515702690e-01
9.032698449270665231e-01
9.488616055916307968e-01
1.043009518573322580e+00
1.147585285592269466e+00
1.199005144926172939e+00
1.221422552569848996e+00
1.237910299491018939e+00
1.232586506931757864e+00
1.178146669532480928e+00
1.108932203116461679e+00
1.012479836043041148e+00
8.991834792900402773e-01
8.008274553887257952e-01
7.264970044066134669e-01
5.905990086930099636e-01
4.251505288850587205e-01
3.636508330972930136e-01
3.958652709232220457e-01
4.390789848821409769e-01
4.944587825030342110e-01
5.877540420952711564e-01
7.274139334975815441e-01
8.656111910151473854e-01
9.804808558695908838e-01
1.079696511402790993e+00
1.163536399904752550e+00
1.198325609284286219e+00
1.200134581497777742e+00
1.193027362781035050e+00
1.202356617089625823e+00
1.179619699260297416e+00
1.136765653490543038e+00
1.065511664089638932e+00
9.829500168294272866e-01
8.639930733175443800e-01
7.141917508624441302e-01
5.390760852699207906e-01
4.157698007504951332e-01
3.648198427334023441e-01
3.851428872984098972e-01
4.552797009595669908e-01
5.647164138792812871e-01
6.681431559221381322e-01
7.671967136487094496e-01
8.835617252326433135e-01
9.707232977208622993e-01
1.053563813886628564e+00
1.122449644823324766e+00
1.138382033748548849e+00
1.146963533774072896e+00
1.132677524371356714e+00
1.105092440454582325e+00
1.074446385303325258e+00
1.013596792706843663e+00
9.058962608470498834e-01
8.288899594633645229e-01
7.782899666833728025e-01
7.406270806751983349e-01
6.880886105033727773e-01
6.449476759188935704e-01
5.518768400837685828e-01
4.692484706304609343e-01
4.432145464848624705e-01
3.749248490204345474e-01
4.022123515176805886e-01
4.708398833273070849e-01
4.855401692196527064e-01
4.944136346121638659e-01
4.691083162817267227e-01
4.454422947350255568e-01
4.675289162270594989e-01
4.576452429235509101e-01
3.895110494082661412e-01
3.578283380061820784e-01
3.751055131968077383e-01
3.866395102406106066e-01
4.050847735128708660e-01
4.033214022003415722e-01
4.079010745916976100e-01
4.115370609314736861e-01
4.860559118120695854e-01
5.320493936251381450e-01
5.975208426090105052e-01
6.520013311210035578e-01
6.747232327154837339e-01
6.588289863271042934e-01
6.203676247449516623e-01
6.085062752227887728e-01
5.870296566790783599e-01
5.488018743556842827e-01
4.755596397050310675e-01
4.054148030059528396e-01
3.894467904270478287e-01
3.968088683069749822e-01
4.060084727940811433e-01
3.939669552943015907e-01
3.963666007967539540e-01
4.203822734559066743e-01
4.588988042472788020e-01
5.048069473516521022e-01
5.560809028009469079e-01
6.383564236959851090e-01
7.180559088807633161e-01
7.704538035665168261e-01
7.947338346500995021e-01
8.221424770299222695e-01
