8.763559959081175244e-01
8.593359406902381092e-01
8.143768420295316446e-01
7.683998210986610067e-01
7.233812774226640041e-01
6.520579746250815267e-01
5.642981325084517330e-01
4.813436635720738654e-01
3.840875612301417052e-01
3.314358145875937467e-01
4.100753093340542277e-01
5.280809777290234042e-01
6.392401141793838670e-01
7.692459952702792592e-01
9.121354593720569781e-01
1.064640461629729584e+00
1.192272990888258555e+00
1.243258471720768643e+00
1.266342222668406015e+00
1.287587858242292826e+00
1.281754982832507217e+00
1.290795844598344955e+00
1.302241491486706426e+00
1.299520144618423023e+00
1.280175248466570048e+00
1.233877857919437604e+00
1.154224649877451103e+00
1.015876461093691008e+00
8.577645382488273684e-01
7.424141298041494474e-01
6.571234149124339785e-01
6.227503518512300662e-01
5.737231393033255245e-01
5.306807539227602621e-01
5.257451704180040597e-01
5.337177690902924487e-01
5.090563806826279292e-01
4.594938232946237378e-01
5.057044137376447424e-01
6.594675030026285745e-01
7.500820045213086873e-01
8.083698347644929783e-01
8.644010691968569970e-01
8.845566012525690747e-01
8.544260448336183922e-01
8.051561097961584812e-01
7.570003814532978437e-01
7.405461378394160299e-01
7.434270695778194549e-01
7.165422548287729843e-01
6.287242358861542257e-01
5.278794476521072587e-01
4.288130040070802784e-01
3.405587409200635518e-01
3.569625088391069068e-01
4.143703479613575213e-01
4.618759869167306520e-01
4.940647663875956663e-01
5.331372271024982235e-01
5.744736077645563599e-01
6.009173016043201088e-01
5.992304487897084364e-01
5.712283665936317423e-01
5.859932392731794781e-01
6.219925609325288596e-01
6.408335040293646756e-01
6.276797637330552293e-01
6.259186277167423373e-01
6.032488160872991889e-01
5.906631096716098428e-01
5.581861754127784847e-01
4.803839007808361483e-01
4.462374955892820516e-01
4.114849607835864287e-01
3.665869219600063067e-01
3.518895974983092256e-01
3.760927440436249714e-01
4.239230012319953333e-01
4.420907967475192213e-01
4.320090899693667108e-01
3.895752219203453826e-01
3.785932801093843114e-01
4.017648163953526086e-01
4.168840260363114725e-01
3.896684737708443480e-01
3.583000190821959974e-01
3.582754141701064432e-01
4.027912707073564857e-01
4.552956097038767802e-01
5.318197729780141936e-01
5.966354027692142292e-01
6.576534024824322033e-01
6.942285153105040019e-01
7.038913279152925195e-01
7.377653358633776692e-01
8.026312716113779278e-01
8.850273108461558236e-01
9.653795720733614472e-01
9.801810236129212539e-01
9.639397419328952221e-01
9.587154175550323121e-01
9.672293094820794135e-01
9.640520090291848643e-01
9.373274222269807332e-01
8.758421205468457371e-01
7.672471048722006026e-01
6.184442874313128558e-01
4.777076929411094297e-01
4.092947511354984025e-01
4.138290264529123630e-01
3.890851991221269679e-01
3.420134716838857392e-01
3.461559881097000524e-01
4.243757239829506478e-01
5.421494565033531110e-01
6.365253164460915603e-01
6.932558297270898784e-01
7.744896465123621843e-01
8.698285071610875052e-01
9.487508655468600560e-01
9.825985386214665107e-01
9.912557389470280089e-01
9.935452290341751924e-01
9.765818250886414420e-01
9.475538303723850531e-01
9.295763479037800758e-01
9.050853837766806853e-01
8.490138249578020879e-01
7.449431904611735211e-01
6.200865093164887876e-01
4.820315392519587960e-01
3.704772061117244109e-01
3.030363625829081697e-01
3.021001776149824791e-01
3.886122036448851347e-01
4.898799235783196093e-01
6.043337179681792515e-01
7.112430153999435012e-01
8.479715157715171925e-01
9.653462554072370638e-01
1.012525155551605049e+00
1.019768580835123117e+00
1.026272853911824878e+00
1.039018337210542819e+00
1.033909142033806017e+00
1.009327367593036318e+00
9.551083408182060586e-01
8.782914028456364486e-01
7.820846094411033622e-01
7.248567207698000114e-01
6.933110693548580894e-01
6.623536596464484338e-01
6.478295549963269950e-01
6.201278624821741081e-01
5.419746118105372990e-01
4.324586253384628542e-01
3.725861391733150674e-01
3.891842789229798538e-01
4.351331251583333004e-01
4.333760683327137486e-01
3.928848875540351671e-01
3.751275954631057008e-01
3.735947019791703849e-01
3.782725800772415714e-01
3.982567469540067018e-01
4.256799553497107036e-01
4.429079003875556753e-01
4.185155701274342332e-01
3.811310176320800713e-01
3.748136852879618841e-01
3.681243535868263250e-01
3.433022624713644722e-01
3.836641731995872329e-01
4.484234125926274128e-01
5.098207070056407497e-01
5.611956799218209557e-01
6.123655389131178461e-01
6.665157102141243683e-01
7.078402310370726092e-01
7.218479867019801377e-01
7.076034422683148417e-01
6.635052832806611622e-01
6.200629375096176066e-01
5.999536990389123803e-01
5.951906956444722452e-01
5.186065341260289729e-01
4.131750438550814142e-01
3.949112884369042620e-01
4.175053642811342169e-01
4.130700229739242002e-01
4.106547206251572324e-01
4.475986308540647052e-01
4.770075670665543943e-01
4.889005958550511344e-01
5.183938530314412541e-01
5.713980686291115774e-01
6.082604631624621838e-01
6.441829470746727182e-01
6.888503650724145944e-01
7.572115578958251714e-01
8.177211996299798002e-01
8.287315965348786007e-01
8.069141013339627966e-01
7.576720127367354563e-01
6.892933484837928670e-01
6.256769625973169768e-01
5.728349651898152484e-01
5.402523144978781389e-01
5.344835373035484727e-01
5.123455211972363088e-01
4.856423454524348982e-01
4.742357570107357811e-01
5.180547663858434682e-01
6.308859201397312155e-01
7.883830595342793401e-01
9.322651644841177809e-01
1.021480831408606793e+00
1.087575762354383357e+00
1.153079369959654432e+00
1.205053173189367000e+00
1.230418218455783474e+00
1.251129773643242071e+00
1.242669655991746502e+00
1.212811391420453244e+00
1.174043706328264047e+00
1.122191628750999870e+00
1.050009453768831147e+00
9.597554545964283035e-01
8.659389613501593530e-01
7.778056531693030573e-01
6.864047738005918387e-01
5.680669343739374044e-01
4.866983325997260579e-01
4.563342795781124561e-01
4.378214093024977993e-01
4.724818183988194198e-01
5.384880930793072285e-01
6.136207082345896957e-01
6.713127388721332744e-01
6.930037547222523964e-01
6.969125356715183406e-01
7.113138411509146719e-01
7.489871451465963670e-01
8.053331086821975404e-01
8.468582863566556096e-01
8.396101618809057587e-01
7.773238789601319976e-01
7.228089511124268229e-01
6.876890942828934872e-01
6.444354889268710807e-01
5.646616355403715204e-01
4.624968292923867796e-01
3.598901532781223489e-01
3.039764820707808179e-01
3.430486540191696743e-01
4.142731902470770389e-01
4.747678565023724095e-01
4.979563104194513201e-01
5.046754802612323232e-01
5.514624302606715434e-01
6.081067610877185503e-01
6.175688626899178413e-01
5.751480445024792498e-01
5.520824882291130997e-01
5.649236205758095819e-01
5.927383715674131581e-01
5.678338750887329534e-01
5.030856536381673738e-01
4.626080284025327338e-01
4.665372252305530765e-01
4.349572479974372907e-01
3.354855066382888551e-01
3.061630146647553175e-01
3.976268657652087812e-01
4.657294319734114341e-01
5.067750709782014029e-01
5.916268552705418182e-01
6.840098041463577028e-01
7.304305396233737868e-01
7.216738511131038925e-01
7.029892566316738867e-01
6.654737727724289176e-01
6.054855650622457119e-01
5.598805724075086587e-01
5.561517556890992475e-01
5.259472713558094314e-01
4.732522834763822628e-01
4.794865218785284156e-01
5.228489430176646025e-01
6.263622692735614228e-01
7.637954862167919412e-01
9.296110913541671961e-01
1.095721677265401262e+00
1.237744259640529032e+00
1.354176596367731022e+00
1.444715324751782992e+00
1.520584528136603941e+00
1.583746390451906683e+00
1.631355023773455093e+00
1.671208841588810223e+00
1.675065639173576093e+00
1.649423932980325302e+00
1.594350397835154087e+00
1.526159125959363649e+00
1.413786000459788639e+00
1.257599884975455051e+00
1.063083712652195256e+00
8.235404157631829314e-01
5.932136142147742541e-01
4.290745138578581641e-01
4.059055373724984594e-01
4.651200432011041164e-01
5.789830440540869594e-01
7.234629541978336853e-01
8.889599398690974930e-01
1.070765377570075394e+00
1.254134504733424027e+00
1.402745010277069104e+00
1.518348099182921018e+00
1.605173047750377169e+00
1.657802129640460365e+00
1.708899286650023219e+00
1.750731202341585302e+00
1.745110593318173420e+00
1.698235736652509598e+00
1.626451988005353844e+00
1.515041667443582929e+00
1.374455078014899856e+00
1.197515520537693279e+00
9.798093655982563766e-01
7.411930274035776200e-01
5.463063954314901771e-01
4.292074460556962734e-01
4.084133411931415436e-01
4.776941431463227472e-01
6.242445233044825459e-01
7.785424833499802189e-01
9.032013238185324644e-01
1.045408914467355732e+00
1.200360084809939165e+00
1.357008885865617964e+00
1.452172666793876799e+00
1.486474140992537496e+00
1.470629115219330263e+00
1.451485650084769929e+00
1.421426661066357733e+00
1.366735738224544416e+00
1.276345758254597396e+00
1.158175291738865242e+00
1.057361303437595934e+00
9.666585921950182625e-01
8.589971567030574295e-01
7.319845830800044695e-01
6.236639655183241482e-01
5.649215489878165464e-01
5.170242884273950068e-01
4.802883383926718763e-01
4.958698441353885378e-01
5.555001452577095211e-01
5.770701584517220484e-01
5.309656690554158676e-01
4.878854074658462991e-01
5.166590295082102990e-01
5.626774655440719419e-01
5.669510332619573933e-01
5.508116793393776911e-01
5.566242785890438416e-01
5.312571759842251717e-01
4.598153549771519799e-01
4.162185760263011902e-01
4.098882971156657673e-01
4.006813447190710198e-01
4.104486751427809943e-01
4.578243493094782957e-01
5.011361027215043284e-01
5.304602752503737584e-01
5.828352752821353011e-01
6.402342908648324116e-01
6.722710695041418383e-01
6.816762178884392398e-01
7.018417394714024926e-01
7.081933859483429128e-01
6.862342894368252955e-01
6.523305810323898335e-01
5.939367327945921371e-01
5.499417780237042530e-01
5.272496434816115185e-01
5.335292664116421113e-01
5.538767155539313647e-01
5.617062738767192309e-01
5.483311833664694657e-01
5.727984470300451214e-01
6.251712671966088708e-01
7.031625541831464377e-01
7.601517490099364283e-01
8.257728405104305391e-01
9.145429511807943168e-01
9.890059392061802956e-01
1.042728218319294520e+00
1.056920297883832571e+00
1.053971444517816325e+00
1.030093759867014791e+00
9.985330245378430947e-01
9.737655307508236158e-01
9.081352842695709082e-01
7.869404706135133543e-01
6.574607903448038693e-01
5.577103777076618529e-01
4.517406592714052760e-01
3.532129237085492868e-01
3.440411557856208336e-01
4.642842328905932292e-01
6.476002393747113395e-01
8.165422432688645982e-01
9.273487950352824472e-01
1.043575081968225904e+00
1.180766145807206291e+00
1.317250489212657527e+00
1.415130511164544691e+00
1.469518418889822708e+00
1.470474361816124231e+00
1.458881893250030926e+00
1.438056073044623684e+00
1.399126589576931368e+00
1.351047032834103101e+00
1.290814736268362406e+00
1.220343595744823206e+00
1.123020726797052227e+00
1.006775768088844947e+00
8.786228914136913204e-01
7.615513928782373654e-01
6.537726663107112923e-01
5.323288274108971541e-01
4.121932676997727141e-01
3.393990219851824031e-01
3.014938388942816072e-01
3.407058767067213112e-01
4.618021630739388983e-01
5.904717703380055749e-01
6.709292428149623566e-01
7.216236095073169654e-01
7.936081036251374510e-01
8.745097639384599164e-01
9.410885120291655470e-01
9.852874092038547138e-01
9.992820747406027104e-01
9.518238327784859232e-01
8.827382284163319826e-01
8.378276586036144113e-01
7.555170931799434220e-01
6.318608958938239928e-01
5.309349768903300903e-01
4.623759113183499858e-01
4.482356570295418230e-01
4.528482593765403297e-01
4.528881036274998162e-01
4.628771165266039045e-01
4.957368676294491849e-01
5.435645425699036082e-01
5.887028368555579094e-01
6.634312599360150386e-01
7.189467301235198393e-01
7.346237738602766632e-01
6.811748341946851637e-01
6.074283777005649032e-01
5.426235219471080562e-01
5.062862225626880708e-01
4.807671983296976648e-01
4.659543808096695550e-01
4.453778704878252337e-01
4.021272260180649427e-01
3.501465743972269062e-01
3.190859430902047156e-01
3.122409985291186851e-01
3.704794141481411729e-01
3.992795089167075484e-01
4.199257331573268970e-01
4.844907601957824661e-01
5.109476174011658989e-01
4.693110568640247449e-01
4.258181707661889970e-01
4.368425590439370398e-01
4.634484746083867290e-01
4.639973050560573520e-01
4.767994976736386059e-01
4.966620839260050824e-01
4.984893598282932881e-01
4.694075240323308806e-01
4.558522416343557815e-01
5.363691668471809448e-01
6.140055436207526585e-01
7.094932245430012330e-01
7.631445298955950030e-01
7.885053273651326800e-01
8.167533184881574648e-01
9.039123057806729422e-01
1.011554838836369541e+00
1.079287975807215583e+00
1.092237414294617182e+00
1.095828324299538803e+00
1.097858603577729797e+00
1.085909574288738355e+00
1.043146549718178662e+00
1.010876875388274865e+00
9.967165435139860863e-01
9.315414305501742431e-01
8.005889503461522949e-01
6.810177390678779918e-01
5.673330930995156285e-01
4.722560672436115770e-01
4.121027789416161213e-01
3.993926017669719442e-01
4.211337518092019283e-01
4.435743789182079455e-01
4.846296231357378193e-01
5.668870503996981114e-01
6.927833660480753331e-01
8.129751477042244101e-01
9.127428609289964800e-01
9.786828801046179027e-01
1.007455811297202963e+00
1.001061758937341173e+00
1.001672917745131786e+00
1.022203428915526846e+00
1.012583459289322585e+00
9.746011191867235413e-01
9.073398401404040303e-01
8.093966755506868394e-01
7.178288819581548630e-01
6.199257200650291066e-01
5.088702196734544714e-01
4.303766221704502515e-01
3.698928347110327364e-01
3.717936656485996139e-01
4.341697664256830014e-01
5.343135080015256611e-01
6.262667169612103901e-01
7.514883212832790260e-01
8.757745731329679151e-01
9.915530090897723969e-01
1.035296008388471467e+00
1.016384346720522025e+00
9.987315204097251264e-01
1.015246889376686168e+00
1.050957598830695616e+00
1.061713044013696816e+00
1.022433904441860664e+00
9.588929999316434527e-01
8.846654815451184817e-01
8.094612239918449470e-01
7.362176256826395981e-01
6.940536585860139773e-01
6.682156181379109716e-01
6.261876678423944353e-01
5.858682866389424149e-01
5.759829951799535497e-01
5.512756737664683548e-01
5.083560111784921620e-01
4.543072152189941981e-01
4.341812288589397828e-01
4.369108754941095074e-01
4.284104017850300927e-01
4.120189864905236532e-01
4.023367593791959962e-01
4.180615575264967076e-01
4.345065199204056761e-01
4.406951386217812239e-01
4.559854030586392715e-01
4.525163690281547302e-01
4.209518222991670000e-01
3.864172090066391174e-01
3.597480822297983161e-01
3.708252547245831088e-01
3.668757388501734384e-01
3.973512296577084157e-01
4.569934122544926924e-01
4.978132130190663918e-01
5.195266709380205183e-01
5.434007921276973185e-01
5.447301274402184257e-01
5.296695443908995271e-01
5.197790851540934343e-01
5.119769760046561924e-01
4.971006696022369220e-01
4.826749021636463355e-01
4.555063431545066099e-01
4.513914693336172901e-01
4.439000196243250151e-01
4.186561599689759827e-01
4.205526659372642584e-01
4.306073136735073525e-01
4.159169970760963619e-01
3.821696752658977903e-01
4.095895497804057928e-01
4.928199320242666048e-01
5.771534534378129910e-01
6.442370323273258759e-01
7.151905013656260079e-01
7.706233376025415360e-01
7.876303259028437642e-01
7.844526783311562834e-01
7.872618033796455750e-01
7.548520713989348430e-01
7.035454579948222653e-01
6.676222216775740126e-01
5.911780418318866026e-01
4.738703832448509790e-01
3.984500318005692043e-01
3.697747670561356004e-01
3.529459733284206480e-01
3.436742164835809854e-01
4.119796807188491061e-01
5.389208368619156087e-01
6.802763530304235529e-01
8.240257026386005323e-01
9.487769780307928613e-01
9.972420263914179017e-01
1.020571990222181924e+00
1.082226081620602409e+00
1.173691954001835569e+00
1.240433074271133806e+00
1.295448886474914074e+00
1.296711137145486914e+00
1.234272995838994635e+00
1.159779802319716113e+00
1.072293327425047238e+00
9.714675761515902952e-01
8.679814966854848546e-01
7.871213871097048065e-01
7.025616143558653937e-01
5.917466160449181833e-01
4.925937085824280137e-01
4.519940842116951241e-01
4.393645737667592477e-01
4.374120110225453995e-01
4.191170956871185238e-01
4.269528069324106112e-01
4.725779018687857880e-01
5.695185987535198446e-01
6.383059015884013920e-01
6.705152935352237664e-01
6.923031263013319503e-01
7.350381050320321519e-01
7.792876738995986319e-01
7.926888680933471543e-01
7.833169001109675511e-01
7.652734372184667455e-01
7.563427836027376561e-01
7.328493040867185560e-01
6.759997094698561027e-01
5.865291975347474152e-01
5.077293379628807779e-01
4.391253676423669816e-01
3.489506476328205764e-01
3.077990511012385633e-01
3.524545131197455161e-01
4.475221403471317805e-01
5.397499674897707767e-01
5.699810880778134470e-01
5.858544257483137008e-01
6.004701317729185250e-01
5.890375711820168281e-01
5.448318415493271782e-01
5.023628841049339044e-01
4.729810574260843725e-01
4.629933573603184915e-01
4.616171546865542319e-01
4.669356103681686077e-01
4.430177768968822649e-01
4.563918639262423138e-01
4.833522110475145794e-01
4.602588414166066677e-01
4.232026396917190070e-01
3.674534130442582702e-01
3.660848802701907045e-01
3.864599537523955575e-01
3.560177536799976061e-01
3.269618489812524120e-01
3.521084400856053231e-01
4.070749628247500307e-01
4.259163351667260566e-01
4.220428467195159183e-01
3.939988513899019829e-01
3.481644971377205189e-01
3.066011414747311647e-01
3.077555229415550042e-01
3.345615721345644999e-01
3.829621983382894834e-01
4.445498528833137786e-01
4.746151448113486437e-01
5.010579497575905483e-01
5.359094755630123830e-01
5.736471782882501813e-01
6.433742437747066445e-01
7.245057518973019306e-01
8.244085562083943719e-01
9.188284604459922011e-01
9.726532883004096464e-01
9.801740253453150586e-01
9.850241901297688285e-01
1.002569023836362261e+00
1.022099280556719059e+00
9.920238855775522779e-01
9.090227776750753330e-01
8.361590932299620693e-01
8.142175110140118521e-01
8.019229431155826537e-01
7.204178188129115590e-01
6.026440774119743438e-01
5.258514084884644557e-01
4.613980332331262812e-01
4.229860764145970675e-01
4.332952005294467557e-01
5.057042661446524701e-01
6.108676469627929428e-01
6.782448959810715161e-01
7.425728116862899686e-01
8.413735958124873848e-01
9.260778183622933035e-01
9.683195976098721847e-01
9.674837621691700917e-01
9.514901710299296100e-01
9.586286423920911126e-01
1.001822187703753197e+00
1.015533783991095396e+00
9.760800547636168112e-01
9.205765341078044894e-01
8.557182317677595185e-01
7.752112381285937159e-01
6.765123212619070792e-01
5.494350596658731378e-01
4.104628739459698084e-01
3.473487373478365003e-01
3.398528570058628184e-01
3.958786908099493629e-01
5.278477269773584890e-01
6.418624019547914950e-01
7.048569964940312182e-01
7.770565746333549795e-01
8.004419490623901901e-01
7.881123548258130995e-01
7.958861703016137934e-01
8.146361927655693114e-01
8.222134770050262276e-01
8.365245936980829633e-01
8.806025362472711393e-01
9.225407293090230887e-01
9.081669080851000331e-01
8.570391690534191476e-01
8.084875816507944846e-01
7.519358464507976958e-01
7.018799583725047198e-01
6.620004454582675280e-01
5.830363369468359869e-01
4.545461202390926880e-01
3.597628268911355898e-01
4.112106255261953058e-01
4.744830766787558884e-01
4.879645262205896672e-01
4.558472911047242171e-01
4.140675581517637704e-01
3.871049878089397600e-01
3.841532822457134899e-01
3.871056778929301556e-01
3.876884382007014795e-01
3.914734095665168279e-01
3.930836901351633661e-01
3.986652979370535754e-01
3.954004915671663345e-01
3.892705022002471704e-01
4.146150367891789368e-01
4.237386679820235869e-01
4.541720355559506483e-01
5.268649125422376622e-01
5.950257359054988981e-01
6.883539565995789866e-01
7.985517449793446687e-01
8.601572742007463912e-01
9.174502192508297016e-01
9.658532427870254455e-01
9.701134750166853227e-01
9.303663670482489323e-01
8.813327259582437456e-01
8.187435204517082843e-01
7.400877652037513021e-01
6.229460776831319269e-01
4.849587849989698274e-01
4.129283080468427736e-01
4.193397415586326837e-01
4.662960722227257881e-01
5.470832985733828924e-01
6.718689006608231651e-01
8.059814565160164923e-01
9.523531042409941749e-01
1.069072077656990860e+00
1.159929436629039801e+00
1.242909130195840595e+00
1.322152617475831571e+00
1.398789811930210236e+00
1.457007579058674507e+00
1.473732877711537936e+00
1.454690091468634483e+00
1.421787371763523211e+00
1.376468395725664706e+00
1.274980688760401382e+00
1.109032413656223071e+00
8.823043993145547326e-01
6.494835047081534141e-01
4.546709335385334949e-01
3.567772949932240256e-01
4.014978916457254687e-01
5.221158286722966668e-01
7.002212245329624274e-01
9.146703702197835906e-01
1.109215849636765672e+00
1.306119923501525282e+00
1.493567252463217088e+00
1.667095921133668890e+00
1.809377103879296955e+00
1.919986139101177880e+00
1.979697641387833551e+00
2.001645955248047670e+00
1.993159841881162686e+00
1.933381679861519764e+00
1.845501844805329084e+00
1.753476319363183267e+00
1.634410829136131227e+00
1.480454644707104306e+00
1.302587636419776373e+00
1.100712405352260781e+00
8.912468672665661007e-01
7.135996668356414663e-01
5.452912798326934318e-01
3.977005294342301767e-01
3.434198912867040820e-01
4.134541284796562355e-01
5.358309225141456578e-01
6.465002174320930717e-01
7.562090102592646801e-01
8.937344019064794587e-01
1.017638598049709353e+00
1.104134730491672434e+00
1.173216667748890663e+00
1.231049759281771738e+00
1.259658687250366782e+00
1.244280394991229999e+00
1.188718489416102475e+00
1.113198792924538827e+00
1.030712929555640311e+00
9.155447916612106107e-01
8.012218134921161861e-01
6.829001627446268374e-01
5.586288299328360241e-01
4.532034338548687202e-01
4.098514986307003061e-01
4.193341410064378993e-01
4.378789288342810893e-01
5.077450056215284668e-01
5.664488431593203144e-01
5.894427245845359487e-01
5.956619631392625624e-01
6.123976195692271141e-01
6.424828556879393915e-01
6.641342683361892707e-01
6.610454685489952631e-01
6.172527511578476123e-01
5.928700578070901228e-01
5.744850154246029517e-01
5.272237970501414406e-01
4.841159913307692686e-01
4.821588824650421268e-01
4.647648702882686833e-01
4.175731026866098539e-01
4.021623010253363995e-01
4.077926521561139328e-01
4.150228840359044824e-01
4.241396750151482653e-01
4.360416333655887100e-01
4.714816218439950024e-01
4.950607837779633646e-01
4.909677215252367111e-01
4.707476956668717460e-01
4.787595815520082621e-01
5.243240283300176774e-01
5.377461028037713309e-01
4.630464125282378052e-01
3.675050974979705010e-01
3.636900509636992185e-01
4.360347525973467531e-01
5.120164196145807756e-01
5.692472596627531356e-01
6.213260271152104552e-01
7.089108713084790736e-01
8.265457414716895768e-01
9.145396221057355834e-01
9.632156361523929178e-01
1.044589848935799425e+00
1.144002385030443047e+00
1.205443736264211418e+00
1.231971695140330558e+00
1.243910793701827444e+00
1.237915559056618431e+00
1.189335603600318425e+00
1.116950562729007501e+00
1.017889376652163724e+00
8.998623849539881814e-01
7.900992560947256438e-01
7.165093718463368955e-01
6.076991216238426530e-01
4.503909993371319476e-01
3.675324153175565933e-01
4.093521985043641620e-01
4.686499607661931410e-01
5.158524017365704317e-01
5.891078351024560122e-01
7.225543961595666254e-01
8.699538597553942987e-01
9.944995986821281164e-01
1.093506041856710409e+00
1.171312737309053276e+00
1.206193932431495197e+00
1.206645986132565573e+00
1.194607463332560737e+00
1.196229414886132547e+00
1.178497904283288156e+00
1.138423773191865163e+00
1.070186722835073878e+00
9.873819252091972087e-01
8.713175563026974713e-01
7.227094731556847895e-01
5.438509300396623392e-01
4.024396525417677783e-01
3.574345575673771314e-01
3.903291932526430363e-01
4.699571663991394810e-01
5.821476622054103656e-01
6.845952867870437331e-01
7.774424713556454813e-01
8.909908928684733276e-01
9.839920872824867715e-01
1.061045234913343460e+00
1.125649369206412231e+00
1.145461900829754631e+00
1.150795085945074403e+00
1.135668282752578362e+00
1.106288467533052211e+00
1.072216482042211094e+00
1.016134663407754379e+00
9.150590339775921400e-01
8.277539216524982812e-01
7.706051691478986720e-01
7.330567726157107833e-01
6.873209616289338575e-01
6.471304660780976548e-01
5.654005774690286090e-01
4.811242868765228664e-01
4.460895884170555381e-01
3.935323184347247483e-01
4.099084216274421766e-01
4.787504351494963339e-01
5.062437808847536358e-01
5.133397802801782372e-01
4.937568522815860561e-01
4.640030667593198488e-01
4.764815548638385301e-01
4.739810472381084661e-01
4.060367043646533891e-01
3.633893645623661461e-01
3.889369028179689991e-01
4.093015638639421749e-01
4.247793825746785656e-01
4.269695247450398523e-01
4.250708796183463312e-01
4.209260380831906789e-01
4.846544191304721916e-01
5.385659797429982465e-01
6.016984429507411525e-01
6.599102409210897413e-01
6.894558014459817308e-01
6.794566711633341916e-01
6.343435878147157814e-01
6.068860445036207141e-01
5.855016232388005060e-01
5.547995524616228247e-01
4.935251647609226189e-01
4.159423820714651665e-01
3.839558598264182221e-01
3.990060992050101230e-01
4.197152089278185505e-01
4.160787743667084260e-01
4.160003456968329183e-01
4.315734954559303782e-01
4.746939279628574204e-01
5.234795498548001635e-01
5.716915076463049417e-01
6.398399580255274000e-01
7.160242229147760762e-01
7.777359595103208179e-01
8.054955838321792294e-01
8.280031411194990199e-01
