-1.044119910016853083e+02
-1.187795023736192803e+02
-1.329443768751824564e+02
-1.465029921854134614e+02
-1.589695804276837805e+02
-1.700835934881542073e+02
-1.797565065173436096e+02
-1.878720163952398252e+02
-1.941289507935731251e+02
-1.981134428949638107e+02
-1.997162750248674286e+02
-1.989570370846584240e+02
-1.958688970150203374e+02
-1.904520954597480227e+02
-1.828040106507461360e+02
-1.729093300510219535e+02
-1.607574879720232843e+02
-1.467911770159237506e+02
-1.315205901046695374e+02
-1.150741958982951587e+02
-9.768776384967840443e+01
-7.964122380375428634e+01
-6.126178412994431710e+01
-4.304770669135077554e+01
-2.523778746739496270e+01
-8.030968196480390731e+00
8.264698531877824550e+00
2.327146091711421505e+01
3.667917075983410058e+01
4.839665651132595769e+01
5.803207434083505944e+01
6.533878534854389386e+01
7.031117745286691445e+01
7.297278946976894076e+01
7.343521959274501398e+01
7.168747182495170023e+01
6.782014910676362263e+01
6.188589679596113058e+01
5.419471592170899754e+01
4.486977113377308513e+01
3.410080293943457974e+01
2.198936034161954822e+01
8.834735128224846079e+00
-4.895739420852416757e+00
-1.884608527662046029e+01
-3.276737556980590682e+01
-4.628188015359300067e+01
-5.915057896975221752e+01
-7.139069128602081094e+01
-8.281959915619424351e+01
-9.301015638319397283e+01
-1.016461671687029309e+02
-1.087471806994574308e+02
-1.143496839937118068e+02
-1.185070438380880944e+02
-1.212014441468808741e+02
-1.223317521048863199e+02
-1.219512018064470737e+02
-1.201643668309450135e+02
-1.171248889021664752e+02
-1.130415053890770309e+02
-1.081030855466564873e+02
-1.026445906946185147e+02
-9.698044641623283724e+01
-9.134052246906686889e+01
-8.584177012867220924e+01
-8.053123927391773407e+01
-7.553028844079250348e+01
-7.105317166671767382e+01
-6.732921270095802413e+01
-6.442803307777703026e+01
-6.260414623479107377e+01
-6.192519986024650080e+01
-6.247436399577642163e+01
-6.417891520394604754e+01
-6.699018145381563727e+01
-7.072545547400314092e+01
-7.525210137322261517e+01
-8.044617066383460724e+01
-8.613875345674271955e+01
-9.199944479098461159e+01
-9.774527193166545658e+01
-1.031683827446044148e+02
-1.081880413695795227e+02
-1.126826876767847665e+02
-1.164480802223908995e+02
-1.193347127456781891e+02
-1.211560592508617304e+02
-1.216881713312681939e+02
-1.206986306344127655e+02
-1.180896749135943509e+02
-1.138793696305002072e+02
-1.081366409102707422e+02
-1.009484330025545518e+02
-9.254475243771405246e+01
-8.293784530530665222e+01
-7.205248756703248603e+01
-5.997792746524377350e+01
-4.710814255081316304e+01
-3.388849004934288445e+01
-2.054849830499503938e+01
-7.179722093090152413e+00
6.003056639094866753e+00
1.858289273025445354e+01
3.023649599029887725e+01
4.078193520368533598e+01
5.004671347287785466e+01
5.758588309653455894e+01
6.309629260099435299e+01
6.657258050921193160e+01
6.798476026515831450e+01
6.722599600374077511e+01
6.428990016062958546e+01
5.934367126639324397e+01
5.248479385647984685e+01
4.365991158825866592e+01
3.287823271794261615e+01
2.007872099115902387e+01
5.518671952846551321e+00
-1.021234401789906876e+01
-2.674473028578326250e+01
-4.380113799854247958e+01
-6.100825809980400294e+01
-7.821986984920667396e+01
-9.508982325864579366e+01
-1.112425792881846718e+02
-1.265344095698149118e+02
-1.406843478194564341e+02
-1.533234015285252951e+02
-1.642154179658291184e+02
-1.732800971333772395e+02
-1.804041064477707721e+02
-1.855385380508128890e+02
-1.885388577505237038e+02
-1.893171586954495353e+02
-1.878892340290328207e+02
-1.842805594555409812e+02
-1.786158598830348296e+02
-1.711031856415284551e+02
-1.618615121090763580e+02
-1.512650714055989454e+02
-1.397059105576921638e+02
-1.273970106450035615e+02
-1.144040870328814066e+02
-1.011384668047431745e+02
-8.797105987575545782e+01
-7.506459950316509833e+01
-6.253645531169433980e+01
-5.077677485402698920e+01
-4.011264731619056079e+01
-3.060921521514397980e+01
-2.233244432741554064e+01
-1.533140730909672023e+01
-9.724766085462452025e+00
-5.614049093544214664e+00
-3.103923690371106048e+00
-2.074419787160549866e+00
-2.502267237920710041e+00
-4.212005363626962762e+00
-7.001759242058634314e+00
-1.074209732822321506e+01
-1.524017808477836944e+01
-2.041981844473710694e+01
-2.611462196076166009e+01
-3.200035810551780457e+01
-3.774296323611187631e+01
-4.299926710052148593e+01
-4.754109557502221861e+01
-5.126766858869208221e+01
-5.425991382046712630e+01
-5.652870363026359257e+01
-5.799303531563057845e+01
-5.851278916552241327e+01
-5.806165531073209252e+01
-5.656559700870859331e+01
-5.400275292803112848e+01
-5.050578421041208799e+01
-4.632143010270863215e+01
-4.162714248168136066e+01
-3.660190714678209645e+01
-3.137547542019163060e+01
-2.612594214006448823e+01
-2.078131307311834064e+01
-1.552615300259931708e+01
-1.075807673642449203e+01
-6.817239504918405579e+00
-3.977065532734040509e+00
-2.294199993748941679e+00
-1.894810398539335639e+00
-2.947504420131907388e+00
-5.372285034315489760e+00
-9.234454524051894708e+00
-1.461914895990013719e+01
-2.158100866927809136e+01
-3.002546270002281759e+01
-3.981954217641195015e+01
-5.053764143372732320e+01
-6.189421005608686244e+01
-7.401980706854818948e+01
-8.689926894681451586e+01
-1.001283320189141648e+02
-1.132075494964087738e+02
-1.259753204748246276e+02
-1.382517498024515419e+02
-1.496794537914019259e+02
-1.598655062448900424e+02
-1.685984411922625839e+02
-1.758035724942301101e+02
-1.813621053352188994e+02
-1.852242589527566281e+02
-1.870643226339680609e+02
-1.867327000367808409e+02
-1.841648921383070672e+02
-1.793981654356690285e+02
-1.724254527562543444e+02
-1.632056136993997200e+02
-1.520953398106166503e+02
-1.395641186106800831e+02
-1.257943351875491231e+02
-1.107683481535321022e+02
-9.476636081414554269e+01
-7.811542733780679271e+01
-6.110289235817469233e+01
-4.421563236998831314e+01
-2.776161694572606109e+01
-1.196251216461063116e+01
2.948227373427237730e+00
1.673036167234300109e+01
2.917341224073065220e+01
4.007988303853191070e+01
4.922746238628004534e+01
5.628018500939553803e+01
6.098167777970792969e+01
6.343722046581804364e+01
6.377618856509130296e+01
6.209322406362790758e+01
5.858083395020902628e+01
5.332088498288786127e+01
4.634194144702905049e+01
3.775952809368678231e+01
2.767769757750367532e+01
1.628249309833890024e+01
4.006402513350815653e+00
-8.692879885249261918e+00
-2.163718975435420688e+01
-3.467280140628567153e+01
-4.737992881025277825e+01
-5.945030952278655434e+01
-7.090450233462024698e+01
-8.160745317856925851e+01
-9.118996701941395600e+01
-9.928029882188405963e+01
-1.058749309060300874e+02
-1.110066221920327223e+02
-1.147650652205698805e+02
-1.171957626022630450e+02
-1.182603786473881087e+02
-1.179097489121063802e+02
-1.162575929511090038e+02
-1.134522729836272958e+02
-1.097180251042693442e+02
-1.052209992515428922e+02
-1.002475011770056028e+02
-9.504337978892483818e+01
-8.985977326613560479e+01
-8.471164093295558928e+01
-7.963230522110590925e+01
-7.480061453010644357e+01
-7.053759870779519758e+01
-6.703733507730727581e+01
-6.438483052318059663e+01
-6.286119163064368820e+01
-6.276924447950784725e+01
-6.440218141724996315e+01
-6.798318712379709439e+01
-7.354575170693098585e+01
-8.112764318614951264e+01
-9.038905523557485822e+01
-1.008593805624969804e+02
-1.120042090189547963e+02
-1.234534790798215624e+02
-1.349761280201058469e+02
-1.460328741326549959e+02
-1.561159464957901548e+02
-1.648044728894326738e+02
-1.719563836989431991e+02
-1.771356262104692689e+02
-1.800949221882471818e+02
-1.805883052081389337e+02
-1.783424170270564559e+02
-1.730927387089382989e+02
-1.646191615403768935e+02
-1.530156891142827362e+02
-1.386758941724233694e+02
-1.218837643995861697e+02
-1.028863224278157702e+02
-8.199069810353576315e+01
-5.943558682262143122e+01
-3.569404742700169919e+01
-1.120635145272799704e+01
1.364497429919240368e+01
3.840844311876890060e+01
6.236842453585770585e+01
8.492364872776839491e+01
1.056431147249688820e+02
1.239545546840629129e+02
1.395654087591004782e+02
1.521774066558768368e+02
1.613415526526099768e+02
1.667613296729017236e+02
1.683656818482359938e+02
1.662250031834755362e+02
1.603797242472390963e+02
1.509486100185897328e+02
1.379621067690746656e+02
1.214372636338044487e+02
1.016934906268466676e+02
7.907203857246308587e+01
5.408593199422985975e+01
2.712505378845614956e+01
-1.329486569453091738e+00
-3.058605815276915862e+01
-5.999317257385612123e+01
-8.908817260009917050e+01
-1.173792594463059942e+02
-1.444409107134945600e+02
-1.697674673851728073e+02
-1.929185755482565696e+02
-2.135441835686280569e+02
-2.312907891300730512e+02
-2.457573860750894710e+02
-2.565944408217422961e+02
-2.636876808932499898e+02
-2.672065990546618082e+02
-2.673149121346003767e+02
-2.640664258245512315e+02
-2.575046830505504545e+02
-2.479036603695690246e+02
-2.356740961914040042e+02
-2.210776629347776918e+02
-2.043137720267521900e+02
-1.857372598920150040e+02
-1.658004898260332709e+02
-1.449858886338966215e+02
-1.238734602355121268e+02
-1.029597619368934289e+02
-8.271139285027966537e+01
-6.335145060343052137e+01
-4.537716644532142141e+01
-2.906131068754478974e+01
-1.452384369292214039e+01
-1.987115868037564015e+00
8.367689329449543578e+00
1.635626072584780744e+01
2.207175352756682685e+01
2.557754608684029662e+01
2.687825677208710928e+01
2.612956595643132829e+01
2.340045512087476709e+01
1.880702854206429819e+01
1.276153807986442423e+01
5.697893289027200048e+00
-1.942186599951725379e+00
-9.851643196023543325e+00
-1.800593004574001199e+01
-2.620037420506381665e+01
-3.408141171421060989e+01
-4.124056290095100508e+01
-4.727093009494353026e+01
-5.198980956315991619e+01
-5.543388033128571379e+01
-5.750594848285503247e+01
-5.810115114385682489e+01
-5.723932887336876263e+01
-5.488072344360674748e+01
-5.120732732462878545e+01
-4.641348619690180755e+01
-4.065217006516244425e+01
-3.421947637442058010e+01
-2.734813008925029010e+01
-1.999928671029931593e+01
-1.226211109484913564e+01
-4.616623623935101506e+00
2.510616788879732386e+00
8.677904006522682678e+00
1.352273484786728019e+01
1.688212699783411352e+01
1.877714221954651563e+01
1.904813163551670030e+01
1.742962312890674781e+01
1.386017767017043489e+01
8.307798822320821230e+00
8.872482028002053323e-01
-8.270124855692948529e+00
-1.929037997482427258e+01
-3.222522268593594674e+01
-4.672324327575260838e+01
-6.223748673724473690e+01
-7.858527047534822429e+01
-9.555271342491747077e+01
-1.127969480835969875e+02
-1.300346907953274922e+02
-1.467794005620774271e+02
-1.626073860437972769e+02
-1.772091840713364945e+02
-1.904185614969190397e+02
-2.018868467930036843e+02
-2.111533756708245733e+02
-2.179612411727237316e+02
-2.222613862429184053e+02
-2.240607278845463100e+02
-2.231658518567037106e+02
-2.194375072196531562e+02
-2.127973678355764378e+02
-2.034672089575105360e+02
-1.918140815486779331e+02
-1.779258514730025240e+02
-1.617844745187253750e+02
-1.437318660460798299e+02
-1.242719717805469202e+02
-1.038056794826907776e+02
-8.274121021097397488e+01
-6.133516761406982454e+01
-4.010515701854573933e+01
-1.939922719154695585e+01
3.821768016589691674e-01
1.895735154422888868e+01
3.606297370077313502e+01
5.143524225786874382e+01
6.462235298298135433e+01
7.539838231265734692e+01
8.380566334590717759e+01
8.982717849431998047e+01
9.329505449733601097e+01
9.403207061741456130e+01
9.197937426539218109e+01
8.731754288994663682e+01
8.014974996651845629e+01
7.078261036697114150e+01
5.954117199418389106e+01
4.685719637750356981e+01
3.294389772164775820e+01
1.800421840452388977e+01
2.337616019522274158e+00
-1.348178873704149616e+01
-2.921906246300263277e+01
-4.454142727647494127e+01
-5.911023648811339370e+01
-7.284541852622764679e+01
-8.557330547679359256e+01
-9.686925392022581605e+01
-1.065725333385906310e+02
-1.145524620617597549e+02
-1.208458968845850876e+02
-1.255179783791580945e+02
-1.285324949213255934e+02
-1.298504416767978284e+02
-1.294536293986612918e+02
-1.274401027106735853e+02
-1.240019830269621792e+02
-1.193770026870575549e+02
-1.138414713762019659e+02
-1.076361592129549365e+02
-1.010964055614124248e+02
-9.464975236892115618e+01
-8.852332464305426640e+01
-8.270079893515824665e+01
-7.718971759227675022e+01
-7.221004614635464236e+01
-6.805712944706813516e+01
-6.490078387652064862e+01
-6.294326504253667309e+01
-6.228631729584405718e+01
-6.286375692318976860e+01
-6.464479471326281157e+01
-6.758227916992628082e+01
-7.151535086279247366e+01
-7.640957752595069508e+01
-8.214038824495210633e+01
-8.836543952543888736e+01
-9.474329228315767182e+01
-1.010056842049992980e+02
-1.069485393616168096e+02
-1.124246450906157548e+02
-1.173387517221132299e+02
-1.216178816495512791e+02
-1.249256936796589486e+02
-1.269536883924949962e+02
-1.274648195900170577e+02
-1.263008284357687785e+02
-1.234249386611107298e+02
-1.188124779068339620e+02
-1.125462531563776594e+02
-1.046277044057352299e+02
-9.526784091544656974e+01
-8.471809405003033078e+01
-7.292262415508369600e+01
-5.992244687466814668e+01
-4.607033930687550338e+01
-3.181255568409645562e+01
-1.746404544132114722e+01
-3.198810354849209503e+00
1.080936748680658610e+01
2.421660644331073442e+01
3.670256156280624538e+01
4.809760658732633942e+01
5.794892258654407868e+01
6.585473722639029859e+01
7.165504944394147913e+01
7.527675229018851155e+01
7.670235774069651313e+01
7.593956887725910576e+01
7.286740182697654689e+01
6.747552041802892120e+01
5.989593937315041927e+01
5.024956520343150856e+01
3.859177669512153841e+01
2.507434373704040809e+01
9.852499375460604725e+00
-6.679261616907402832e+00
-2.417836435054259070e+01
-4.231988424945926397e+01
-6.060099865223175186e+01
-7.884371254767314952e+01
-9.672930448589936248e+01
-1.139534280590051196e+02
-1.303185717358331317e+02
-1.453756945094624484e+02
-1.587527396835233731e+02
-1.703096711060244957e+02
-1.799582608592939721e+02
-1.876072326851313505e+02
-1.930169580645514031e+02
-1.959610597850514182e+02
-1.964353277506043298e+02
-1.946532547491319178e+02
-1.907555526286687950e+02
-1.848288785239965932e+02
-1.770081925080419012e+02
-1.673245932187640221e+02
-1.560089680522270612e+02
-1.436374590044585773e+02
-1.305979794181490661e+02
-1.169598197248362794e+02
-1.030134004206697966e+02
-8.917427443371029483e+01
-7.562829393654793364e+01
-6.248851562274504090e+01
-5.012652249783634062e+01
-3.887728886534045358e+01
-2.892777036965748039e+01
-2.037187307659795366e+01
-1.314037014235699630e+01
-7.319069788550597977e+00
-3.104636463384392364e+00
-5.401374259075847339e-01
4.036479860868321667e-01
-1.265406492865860932e-01
-1.962275729619384013e+00
-4.861315815397611928e+00
-8.664925879250933605e+00
-1.331173224008332845e+01
-1.862735931407001644e+01
-2.445715435242791713e+01
-3.049602790198978397e+01
-3.651875131377108374e+01
-4.211700105897500634e+01
-4.694232382542467974e+01
-5.086657955694730049e+01
-5.398869589227633270e+01
-5.629885311898591738e+01
-5.775104132550670499e+01
-5.828169161863731063e+01
-5.781658287761434423e+01
-5.623446564221218580e+01
-5.360459217976185187e+01
-5.014818232721997049e+01
-4.601740508948977748e+01
-4.124238241520553316e+01
-3.600406312521330676e+01
-3.046472984587700594e+01
-2.483902828255508766e+01
-1.918045019137104745e+01
-1.373246576422181420e+01
-8.771869705976152787e+00
-4.687980258294911273e+00
-1.781127185286364156e+00
-1.582296536185369973e-01
1.366502854121872668e-01
-9.952938746780045642e-01
-3.600615599548050216e+00
-7.638910558296330144e+00
-1.315081244226008472e+01
-2.024455483371098197e+01
-2.890729844762745770e+01
-3.901172157462458046e+01
-5.016783367478567612e+01
-6.204837724182964820e+01
-7.466455338521716101e+01
-8.787291478447788506e+01
-1.013367275882524439e+02
-1.147062568384917540e+02
-1.278726317053820907e+02
-1.405411976598914805e+02
-1.523102513354759537e+02
-1.628124797944398381e+02
-1.718936041977973730e+02
-1.794282820330838888e+02
-1.853057513147600162e+02
-1.892020640563863196e+02
-1.909386824729602949e+02
-1.903289605054776246e+02
-1.874936798049959066e+02
-1.824761147995319845e+02
-1.752540874261800639e+02
-1.658248951332894592e+02
-1.544342941951722139e+02
-1.415420222305010896e+02
-1.273604294930090219e+02
-1.119468569805410993e+02
-9.561134421233893477e+01
-7.869700040401946239e+01
-6.137128790321929017e+01
-4.408585328648015889e+01
-2.716223016484725861e+01
-1.089906316356583638e+01
4.422409676623086483e+00
1.852551072810889821e+01
3.120435648712653531e+01
4.230139879710112893e+01
5.157718179809265990e+01
5.862962111238558549e+01
6.335103134610381659e+01
6.586374296015149810e+01
6.625334702917633933e+01
6.460753647002327682e+01
6.099522720902311335e+01
5.562896291343521682e+01
4.854316314832674806e+01
3.984463071562324643e+01
2.964354780322008409e+01
1.805054477234632060e+01
5.478600097131029578e+00
-7.612836740434833160e+00
-2.092855746731913058e+01
-3.426166353639031570e+01
-4.720305726971368188e+01
-5.945574326325194647e+01
-7.105660669155378173e+01
-8.188861872233360373e+01
-9.162516886418298157e+01
-9.993621787292563852e+01
-1.067744932004027021e+02
-1.120811346140634299e+02
-1.159151549658047458e+02
-1.183660698830521625e+02
-1.194667076744782150e+02
-1.191929855428408729e+02
-1.175890055076181255e+02
-1.147472318540508809e+02
-1.108683774301748315e+02
-1.061322567451320538e+02
-1.009223675176676238e+02
-9.553140707054238590e+01
-9.017638817374957227e+01
-8.494518917622207255e+01
-7.987127658829535903e+01
-7.503751456788570806e+01
-7.067682503978635111e+01
-6.703831697525619404e+01
-6.426435312522454524e+01
-6.260491924481464565e+01
-6.202495531833332620e+01
-6.253900729126092273e+01
-6.411437121260335914e+01
-6.674576338334559011e+01
-7.027813402719048952e+01
-7.464653982816440703e+01
-7.973049134623616396e+01
-8.529932283199828191e+01
-9.099837412509670287e+01
-9.657038801302368825e+01
-1.018881023645242152e+02
-1.068069545372386671e+02
-1.111450647840488415e+02
-1.146765536867807640e+02
-1.173723724243372004e+02
-1.190990699088773113e+02
-1.196146817024268785e+02
-1.186822103227752621e+02
-1.162399565400450712e+02
-1.122751801581764255e+02
-1.067796529629568170e+02
-9.980432140545644870e+01
-9.156537138134964948e+01
-8.213416773515392322e+01
-7.156553009350255934e+01
-5.994576374269264818e+01
-4.751514626873472480e+01
-3.463195427959667683e+01
-2.163519227984868820e+01
-8.663862656252943495e+00
4.116047119355800810e+00
1.633559663949384699e+01
2.768887168735269100e+01
3.796941917943369305e+01
4.703119896944097178e+01
5.446976526694311360e+01
5.986892060547278760e+01
6.321162722297525249e+01
6.454478349875155629e+01
6.381389161741847005e+01
6.104259415636231267e+01
5.632675861497963865e+01
4.963383382094749408e+01
4.103912341865327562e+01
3.051921449091505778e+01
1.800444239843788807e+01
3.881816994887134609e+00
-1.128245975113506638e+01
-2.726317153965864648e+01
-4.388038676561377827e+01
-6.073070221717917150e+01
-7.755066018800626182e+01
-9.397374857640305379e+01
-1.097108924289806851e+02
-1.246727957111427685e+02
-1.385491374282440233e+02
-1.509695297975733297e+02
-1.616542743019984130e+02
-1.705692250949363995e+02
-1.776804134308327150e+02
-1.828990933295510501e+02
-1.860476662518961177e+02
-1.868702894267762815e+02
-1.854984322990834755e+02
-1.819231198631524649e+02
-1.763934048810213540e+02
-1.689707496507744224e+02
-1.598288471866951852e+02
-1.493779458257716612e+02
-1.380716603792180308e+02
-1.261048864099766149e+02
-1.135029821147208935e+02
-1.005704753912301470e+02
-8.766505599288232986e+01
-7.495027361193042736e+01
-6.251634495066802799e+01
-5.079847642977672706e+01
-4.020152723938948469e+01
-3.092190187939024781e+01
-2.295403980754039353e+01
-1.612624489758822932e+01
-1.053315767131498681e+01
-6.427572347127065377e+00
-3.972121165854821001e+00
-3.123455046217932907e+00
-3.650978276765283415e+00
-5.341253171010030165e+00
-8.035187866374478460e+00
-1.163608326438821194e+01
-1.604159522527202597e+01
-2.115035331772854477e+01
-2.671117552990197908e+01
-3.236310389881757033e+01
-3.787657583334383560e+01
-4.301025053256752528e+01
-4.757046393457253686e+01
-5.132565589013498197e+01
-5.428814996989008534e+01
-5.649915574509955718e+01
-5.783444491611101768e+01
-5.791039301385018945e+01
-5.628394465670377400e+01
-5.264823320496677184e+01
-4.710542343136950905e+01
-3.975618568752283011e+01
-3.097983470685856489e+01
-2.104447851182080953e+01
-1.012227535860587935e+01
1.403554023737067391e+00
1.293181903379255537e+01
2.391600334513180570e+01
3.408203081353211417e+01
4.315364957476574403e+01
5.066314601359439251e+01
5.596897568260352784e+01
5.865022386458525006e+01
5.862823201580593491e+01
5.593081716665700753e+01
5.050866345699837012e+01
4.225518940016647917e+01
3.110540510400387859e+01
1.698530905159716653e+01
1.808414852820196816e-01
-1.884928055096989041e+01
-3.983951841257932358e+01
-6.241195703043213427e+01
-8.618475607234069003e+01
-1.106879601591395783e+02
-1.354880027331770123e+02
-1.600861627014229498e+02
-1.839540147333596849e+02
-2.065580551312579871e+02
-2.273339096372454264e+02
-2.458121291425779589e+02
-2.615702013728172801e+02
-2.742147383131286915e+02
-2.835450806992454318e+02
-2.892733227485238103e+02
-2.913139388548551096e+02
-2.894718257004711290e+02
-2.837724537346740021e+02
-2.741049392309282098e+02
-2.605582321877288337e+02
-2.434990369262468448e+02
-2.235104419507470084e+02
-2.009532444951456114e+02
-1.760733334042534466e+02
-1.491803533148300573e+02
-1.207839335817429571e+02
-9.159122483189321429e+01
-6.212765155768355640e+01
-3.296487100138798354e+01
-4.677948128969060981e+00
2.237400863658384864e+01
4.772115406543318983e+01
7.083819564565845894e+01
9.140916470663880489e+01
1.090944313847392237e+02
1.234764792183990778e+02
1.345038792198648707e+02
1.420696377841347271e+02
1.459257991953828935e+02
1.461661125587017409e+02
1.430072057192913348e+02
1.364722683589436940e+02
1.266884907419992459e+02
1.140964378204036365e+02
9.914679640272781569e+01
8.216944853680897154e+01
6.355901929291441377e+01
4.370583102010134269e+01
2.303138637760174134e+01
2.005598337880000859e+00
-1.882069248437888476e+01
-3.903511489836463255e+01
-5.829094052594088993e+01
-7.637565408780307052e+01
-9.284831157285140080e+01
-1.073461872510889918e+02
-1.198937072874494163e+02
-1.304506809817040391e+02
-1.387232243171436608e+02
-1.444455459820864576e+02
-1.476738676566884578e+02
-1.486849351019086782e+02
-1.477085585065510145e+02
-1.449923807105257652e+02
-1.407458073690795572e+02
-1.351711596504672457e+02
-1.284570350991081114e+02
-1.207440796890276999e+02
-1.124647271708317504e+02
-1.040010443331632501e+02
-9.576899769546233188e+01
-8.814780338617281075e+01
-8.122363520313683694e+01
-7.512000056432047757e+01
-7.004748123142140059e+01
-6.617015479320416205e+01
-6.370318808545557943e+01
-6.287159519852779965e+01
-6.361551152980545254e+01
-6.588459704967011987e+01
-6.951007031712113360e+01
-7.435595744639860527e+01
-8.040627105175489930e+01
-8.741000251906181973e+01
-9.494392350134265257e+01
-1.026385304673290904e+02
-1.101399188067298525e+02
-1.172898242398847088e+02
-1.241293507956156930e+02
-1.303814798281080698e+02
-1.356048331353553067e+02
-1.394194134021435900e+02
-1.415974228203081395e+02
-1.419449511215869109e+02
-1.403688768687687229e+02
-1.368428309114235049e+02
-1.313443605215473724e+02
-1.237974990346506132e+02
-1.142012096097810314e+02
-1.026871506220358725e+02
-8.961928791943938677e+01
-7.522954355888094824e+01
-5.964990413593361751e+01
-4.327210013644330644e+01
-2.637583094558869234e+01
-9.245891310468444146e+00
7.810302580339823386e+00
2.442503929171079591e+01
4.029364404214560835e+01
5.511141658922576880e+01
6.834030513400334428e+01
7.967190934783280909e+01
8.897543528268900559e+01
9.606811382434077018e+01
1.005877068717649792e+02
1.023517492977492225e+02
1.013167018847585013e+02
9.752066760820554236e+01
9.096301320927639722e+01
8.167672558274129813e+01
6.976832783501276936e+01
5.557916090789894525e+01
3.942827068205792074e+01
2.156213937703546080e+01
2.242501700740504145e+00
-1.807931769067867833e+01
-3.905253847994956828e+01
-6.024749116698010454e+01
-8.142168397686847925e+01
-1.020997643138066451e+02
-1.219743300759114106e+02
-1.407043064150743419e+02
-1.578907879939472139e+02
-1.732908320647067626e+02
-1.866311701908765315e+02
-1.976176362827999640e+02
-2.059465667698361528e+02
-2.116762107663051609e+02
-2.147876380156367873e+02
-2.152375173575417762e+02
-2.130270388980536040e+02
-2.083230566000856356e+02
-2.014079554733703787e+02
-1.925656234877778274e+02
-1.818076650850844942e+02
-1.692479235665689998e+02
-1.551122275810821804e+02
-1.400877042249347824e+02
-1.245844811934244376e+02
-1.088267817479886332e+02
-9.314049989615631375e+01
-7.775510673046044019e+01
-6.282409840934569445e+01
-4.886233260224261699e+01
-3.622739110055365330e+01
-2.504185352337292159e+01
-1.529083106623188648e+01
-7.123125949951945479e+00
-7.717232597729949406e-01
3.733594520450951748e+00
6.314962804074945701e+00
7.215550542584084681e+00
6.555751336322816591e+00
4.520255226534916737e+00
1.209202490752577130e+00
-3.160956135450075255e+00
-8.363149067059003627e+00
-1.427456180980337486e+01
-2.072420652364762361e+01
-2.741930816629984591e+01
-3.403002541076273957e+01
-4.022574747343325186e+01
-4.563734674301793603e+01
-5.010418460239265670e+01
-5.357210487017660938e+01
-5.609077522745313615e+01
-5.764376731663643483e+01
-5.816895346099716591e+01
-5.760859618926355807e+01
-5.586084652050723776e+01
-5.299342496961097737e+01
-4.920090504284605970e+01
-4.460451948011521495e+01
-3.932554473648445281e+01
-3.358011687262698075e+01
-2.761871326274306071e+01
-2.150861813556466728e+01
-1.535501672569656151e+01
-9.479806573294116134e+00
-4.257858268152182823e+00
2.392067010603846772e-02
3.147366297255811407e+00
4.856111493520132605e+00
5.143922085833832369e+00
3.956872787981201789e+00
1.118674756526321312e+00
-3.385041254710727809e+00
-9.439023496954193959e+00
-1.712663773118269717e+01
-2.639102521230368481e+01
-3.713859404469907588e+01
-4.909782370549221042e+01
-6.195066459010127602e+01
-7.561746601412795599e+01
-8.984760196363262708e+01
