-8.774750295778999032e+01
-9.556502434203886764e+01
-1.018939343540057791e+02
-1.066230790953924412e+02
-1.096841292468901372e+02
-1.110220011468393011e+02
-1.106042530369772834e+02
-1.084848861756003373e+02
-1.046470350746097040e+02
-9.912062846969085683e+01
-9.201346035076889507e+01
-8.347508862337338087e+01
-7.363132882222500086e+01
-6.264744238187401493e+01
-5.065899222208440023e+01
-3.784106819513525721e+01
-2.443857891448014641e+01
-1.066993980524394914e+01
3.283823203025782345e+00
1.722567053395871994e+01
3.082208355033542801e+01
4.388883033592348681e+01
5.629276025402754158e+01
6.784216031767843447e+01
7.833234631701901662e+01
8.759412737769635271e+01
9.545170316600720639e+01
1.018020998403871573e+02
1.065326744882607102e+02
1.096077436040114179e+02
1.109589227550958270e+02
1.105428610765850124e+02
1.083431950346648165e+02
1.044222001769082624e+02
9.884858436715261121e+01
9.178422931278439023e+01
8.330482912253060590e+01
7.346656193265525303e+01
6.244445222899958026e+01
5.042095937879373224e+01
3.764250727705027089e+01
2.426450159827215103e+01
1.046747691531383673e+01
-3.457180015060673739e+00
-1.732804130038992696e+01
-3.095299567444254052e+01
-4.410157448715341388e+01
-5.656850053651750443e+01
-6.810679008351885955e+01
-7.855315212590052454e+01
