-1.711252105770839478e+02
-9.016340765347356978e+01
-1.014321370884827758e+02
-1.128988675692633024e+02
-1.218327129287692117e+02
-1.296008899238903496e+02
-1.356823280640005294e+02
-1.396998876320011220e+02
-1.417268567423843990e+02
-1.414500802796191010e+02
-1.391917174496533107e+02
-1.345498413633739858e+02
-1.276987608974974506e+02
-1.187633820380820282e+02
-1.079959730997019278e+02
-9.577490813027844752e+01
-8.165994421602592013e+01
-6.678354352065368005e+01
-5.015524673397546707e+01
-3.394140900149851348e+01
-1.658302021461032894e+01
4.460946977297833294e-01
1.778497978028300253e+01
3.345710293661527146e+01
4.919735978377847374e+01
6.334874580790433640e+01
7.653604613332748841e+01
8.801537414848732510e+01
9.692658622992803430e+01
1.042772406736105779e+02
1.097963945348255095e+02
1.128138614233865695e+02
1.139550149860959891e+02
1.128063265532772732e+02
1.095393348105678086e+02
1.045997411250986886e+02
9.747413511884886361e+01
8.884248414420210338e+01
7.892229677923701558e+01
6.766563829449619050e+01
5.578559431145867364e+01
4.296685043839672602e+01
3.034462693375000697e+01
1.715184682170569275e+01
3.917961762695551631e+00
-8.322346410455777388e+00
-1.979322428574232617e+01
-3.073961774747353459e+01
-4.052935962168467654e+01
-4.915228469734456240e+01
-5.617478437109729583e+01
-6.213349093136518775e+01
-6.613635909946854952e+01
-6.894812179629145987e+01
-7.021584730808628194e+01
-7.011851839167023570e+01
-6.891614568649112016e+01
-6.641482569924338009e+01
-6.271622289358022329e+01
-5.888182107027431300e+01
-5.396803660241265277e+01
-4.848372550722497465e+01
-4.335969576709481998e+01
-3.771765471027452321e+01
-3.242860283847942071e+01
-2.758271213004408651e+01
-2.332360552732205505e+01
-1.988905688813412453e+01
-1.699264051307630297e+01
-1.497016614389380074e+01
-1.446519546590194416e+01
-1.448770913755798873e+01
-1.579786558843483135e+01
-1.789868225971529370e+01
-2.133241114853719367e+01
-2.511865226844086507e+01
-2.972583938505413670e+01
-3.485522926378382635e+01
-3.972223466855370333e+01
-4.499803576492716672e+01
-5.052112730767039750e+01
-5.523837209366713097e+01
-5.971504114474375058e+01
-6.334923023198314240e+01
-6.661082810001856558e+01
-6.836591660367466261e+01
-6.898117430273909179e+01
-6.794987830407927731e+01
-6.601884553475744610e+01
-6.244945999395887526e+01
-5.771664635961163725e+01
-5.126665691138632042e+01
-4.348815161539610585e+01
-3.500763603447592942e+01
-2.483070948903530351e+01
-1.412933324205996044e+01
-2.064624900426808463e+00
1.027588185239514118e+01
2.272023913278432161e+01
3.536403669901967106e+01
4.755879864211222241e+01
5.932310489355098326e+01
7.062014653786125962e+01
8.066553189770996823e+01
8.969500309681812666e+01
9.659303449126109342e+01
1.021905810752972172e+02
1.057355636363979841e+02
1.080006080620343312e+02
1.077078827840307014e+02
1.058327795168251981e+02
1.014225335374028418e+02
9.499754748736425825e+01
8.670897632733900195e+01
7.706353955761737495e+01
6.554072884606891591e+01
5.218130114615478732e+01
3.822297261454635731e+01
2.285833557522208181e+01
7.140259097547368761e+00
-9.081826309122284613e+00
-2.504571656894836096e+01
-4.132054385401161767e+01
-5.664332341479681787e+01
-7.123575605401215682e+01
-8.457274244518011130e+01
-9.664338920497222318e+01
-1.073128275717834867e+02
-1.163233120582826530e+02
-1.233172239035240665e+02
-1.284995052887085194e+02
-1.314995461190978574e+02
-1.324657318714446035e+02
-1.313432327934135344e+02
-1.285556998153186612e+02
-1.234565045471553617e+02
-1.169733794797257218e+02
-1.089592988644038769e+02
-9.924662199985084499e+01
-8.907683812506125776e+01
-7.759431587446802325e+01
-6.554702159666241812e+01
-5.318790867686630008e+01
-4.065562145554454077e+01
-2.824866861832611065e+01
-1.683313056525830120e+01
-5.285268096206426236e+00
4.758582731108247366e+00
1.407730147088582484e+01
2.206764932710558824e+01
2.923457736927598205e+01
3.487392780364401546e+01
3.881913450211266792e+01
4.109323018966353658e+01
4.276067030627019250e+01
4.275057368707998506e+01
4.135256109929159862e+01
3.894635356092170753e+01
3.554985215116579411e+01
3.136596176810570924e+01
2.665695766245778486e+01
2.183013189243776964e+01
1.673920573003384860e+01
1.131758399989082875e+01
6.265172583478792134e+00
1.712999389022118457e+00
-2.235163406491677662e+00
-5.733106853960626026e+00
-8.123804936792714315e+00
-9.702043357500663490e+00
-1.032844122507769669e+01
-1.024594591906254415e+01
-9.271268759789656144e+00
-6.898080725541177571e+00
-4.250735619017205202e+00
-5.442268764449559315e-01
3.885952321174754420e+00
8.896592057444900448e+00
1.400886592555252186e+01
1.894409204875682917e+01
2.421320207062472818e+01
2.874561005399728941e+01
3.267460133168727765e+01
3.724265432598872394e+01
3.981833190237274778e+01
4.138630077943788166e+01
4.192811230099369624e+01
4.123308145309898265e+01
3.959089555967634055e+01
3.608161839336123933e+01
3.106368640386584801e+01
2.517187137756222626e+01
1.782222673202959484e+01
8.887412262808744856e+00
-7.276111280863500896e-01
-1.139145063903382038e+01
-2.283632898037778602e+01
-3.477264793230368412e+01
-4.639684963680107188e+01
-5.900952476487393028e+01
-7.102841601938301608e+01
-8.225161778877584595e+01
-9.329022370431458455e+01
-1.029399950341038448e+02
-1.117974257578697035e+02
-1.188600557463685732e+02
-1.244687281179049307e+02
-1.280986859753887472e+02
-1.299040542809896124e+02
-1.297003731881009116e+02
-1.277111904661829271e+02
-1.236714878129020434e+02
-1.173730946632525018e+02
-1.096803513284922502e+02
-1.001942514574596430e+02
-8.867802182168350100e+01
-7.594163946395799769e+01
-6.231908430931530063e+01
-4.757781228231016257e+01
-3.208466838027748480e+01
-1.620920798645714100e+01
-1.607429096278935043e-01
1.522398629978858686e+01
3.024491226740916261e+01
4.450504182311405543e+01
5.773341820479843989e+01
6.963016442368723347e+01
7.987579189073115060e+01
8.880734254550802120e+01
9.578857834688253092e+01
1.004769798042931370e+02
1.037700923403062490e+02
1.048209978473807524e+02
1.038182282645934578e+02
1.009695202781741017e+02
9.646987547803240659e+01
8.967241257262995191e+01
8.180486933636132107e+01
7.251202308023823662e+01
6.215025802251106057e+01
5.106065282110652248e+01
3.937795376060770991e+01
2.738449849714483975e+01
1.504092686268485934e+01
3.326605537241286825e+00
-8.735231374764474310e+00
-1.928497336207905377e+01
-2.958955769047486584e+01
-3.890407910683175885e+01
-4.692116841862389265e+01
-5.334329951184296448e+01
-5.874214607867877191e+01
-6.272379007375088378e+01
-6.542842928624477850e+01
-6.667402482279184994e+01
-6.649817226000021719e+01
-6.555264079462891402e+01
-6.295109730484966803e+01
-5.992166834906505102e+01
-5.574793345597135641e+01
-5.153521214712384335e+01
-4.666571355488606088e+01
-4.169642993097070161e+01
-3.627879629169468956e+01
-3.163670580210109051e+01
-2.683953299664386094e+01
-2.272079876054385750e+01
-1.928121971059787398e+01
-1.714977695174098216e+01
-1.606275732090421826e+01
-1.579947050566515365e+01
-1.714638989956127801e+01
-1.964713093024376533e+01
-2.460933438551386843e+01
-3.057731893045537674e+01
-3.813390717085738402e+01
-4.759224494003001382e+01
-5.746723294120703684e+01
-6.807705839524220437e+01
-7.868688613765469597e+01
-8.900079175283009647e+01
-9.863877326268151080e+01
-1.073268362045083109e+02
-1.142144660159046197e+02
-1.194999281731936094e+02
-1.227748556211719659e+02
-1.235400922836850981e+02
-1.214484465940851976e+02
-1.168535448877650254e+02
-1.100113676255008386e+02
-1.000635538557596504e+02
-8.743248868878725943e+01
-7.264125941235120365e+01
-5.539536752884552584e+01
-3.589132639774358324e+01
-1.526474843923737446e+01
6.640734234898254762e+00
2.928460319131736966e+01
5.264746230755405776e+01
7.559268958082073198e+01
9.786522248677323432e+01
1.195015791198798638e+02
1.391186039125334162e+02
1.565792402047792109e+02
1.715096297543961725e+02
1.840559665085894778e+02
1.931993211118265208e+02
1.989522756999155604e+02
2.019409766800110617e+02
2.003775321989245981e+02
1.962554073515458128e+02
1.877409370782221174e+02
1.763000980692521296e+02
1.608987384083403640e+02
1.431955141609486759e+02
1.226157017166900971e+02
9.978090602024849431e+01
7.511616167717232884e+01
4.854365993683593672e+01
2.190444633873098113e+01
-5.818879080512795454e+00
-3.320113642506578344e+01
-5.994778553326302983e+01
-8.565009331376562329e+01
-1.098257897706369732e+02
-1.317175787503902598e+02
-1.514872991525571422e+02
-1.684869295462912930e+02
-1.829307237656078939e+02
-1.937696624757665518e+02
-2.013072952546109775e+02
-2.057119171754698925e+02
-2.065050748501254247e+02
-2.042992812426518867e+02
-1.989347399074293037e+02
-1.906776705170610171e+02
-1.792938770207625510e+02
-1.659898127080098220e+02
-1.503328024124542708e+02
-1.332901508058955358e+02
-1.151288344875879233e+02
-9.573784190674363970e+01
-7.621004264348266588e+01
-5.663627326080968061e+01
-3.755258126926573681e+01
-1.888138368029715863e+01
-1.625222718313708015e+00
1.394737332347302328e+01
2.799148278936942802e+01
4.035665973650144167e+01
5.061765039382929388e+01
5.891949915854225139e+01
6.484619026336308423e+01
6.854077235793415923e+01
7.022587288490188939e+01
6.980063613890249030e+01
6.778063885138317346e+01
6.377076464407828382e+01
5.890226977525315988e+01
5.234746670764345566e+01
4.537371145600321398e+01
3.749803965642899328e+01
2.983056306107236821e+01
2.232402996110148763e+01
1.506928699232998525e+01
8.362295983131318167e+00
2.647521284173532052e+00
-2.571367129520009343e+00
-6.055460529284833804e+00
-8.776292600075286998e+00
-1.002753614222956280e+01
-9.626199258468844278e+00
-7.672929325579894488e+00
-5.202811118150431291e+00
-7.750429824114515309e-01
4.478081110238256279e+00
1.037224065679669494e+01
1.721024567366345792e+01
2.415671689323660232e+01
3.101924131892233660e+01
3.784345627471061846e+01
4.497162003200164548e+01
5.059222806517712456e+01
5.524814365309950404e+01
5.913194621852533572e+01
6.137385909400725836e+01
6.182581974866317154e+01
6.083302677020234484e+01
5.811708294143973319e+01
5.354423672914740706e+01
4.678004627098061263e+01
3.817061218579620174e+01
2.819041173880681939e+01
1.672386229214021114e+01
3.612415419907499814e+00
-1.076513167430099038e+01
-2.595974312898720626e+01
-4.178601637831616955e+01
-5.761772420588414434e+01
-7.357947512325895900e+01
-8.970532288656521303e+01
-1.046543647155151291e+02
-1.185040238866007485e+02
-1.310355352383774346e+02
-1.420292277356005854e+02
-1.508988509222881760e+02
-1.579955646885636611e+02
-1.626819947539577527e+02
-1.645818847277874113e+02
-1.640653927569011898e+02
-1.615700644907578578e+02
-1.559042000311324045e+02
-1.477787419575670071e+02
-1.372900729761161642e+02
-1.244865123334292178e+02
-1.099038831207954843e+02
-9.366367624391426716e+01
-7.570362009564642847e+01
-5.708238461670569563e+01
-3.711747387802095233e+01
-1.736718781301929582e+01
2.419571009388686189e+00
2.222932649055293552e+01
4.085773322068562408e+01
5.882898857850260299e+01
7.499253345571274565e+01
8.974185124343041764e+01
1.025446597517752707e+02
1.130184926378341430e+02
1.214378628803056870e+02
1.275760825829596428e+02
1.311833447890844013e+02
1.318932674260204010e+02
1.304801942516187410e+02
1.267029662357697504e+02
1.203868557831965234e+02
1.126571619729812141e+02
1.028400815911976025e+02
9.126430212333407610e+01
7.852915259864157349e+01
6.474871189311772923e+01
5.035189722452093974e+01
3.557724173398838730e+01
2.075220743466145734e+01
6.081195387455379020e+00
-7.594529759944657066e+00
-2.066070907377944721e+01
-3.307582326478885903e+01
-4.394088894115031252e+01
-5.349801885547012148e+01
-6.148291492692670346e+01
-6.810071284544201831e+01
-7.275350744975153816e+01
-7.582672614244681597e+01
-7.690637506728117501e+01
-7.707342354686001329e+01
-7.507738743592726394e+01
-7.255473817893135902e+01
-6.846132465096286523e+01
-6.403886412636772718e+01
-5.839167296918730443e+01
-5.259799582946195073e+01
-4.657911462163590244e+01
-4.013191839232961655e+01
-3.452391605990517576e+01
-2.892944864022855000e+01
-2.446201284586744507e+01
-2.044585791950305875e+01
-1.744066587290415526e+01
-1.561515282814295880e+01
-1.461794866008165883e+01
-1.485422225854541090e+01
-1.639125067718310191e+01
-1.875449718596787108e+01
-2.231274901496322371e+01
-2.654160602099348054e+01
-3.101044740257983889e+01
-3.636897894774558893e+01
-4.246048843244098947e+01
-4.811974302404141923e+01
-5.394622721255952769e+01
-5.916685878242986263e+01
-6.423440912484340970e+01
-6.814930673551667439e+01
-7.165178869145742624e+01
-7.344328428838811362e+01
-7.409887608050351560e+01
-7.324051358956857882e+01
-7.078412178378194142e+01
-6.695880002990224966e+01
-6.149123835716160613e+01
-5.433472389234999866e+01
-4.643132112841730930e+01
-3.667708287541505996e+01
-2.569651441345714460e+01
-1.384571288437398628e+01
-1.397538149193078505e+00
1.194702279809057011e+01
2.533513501847387417e+01
3.875532610025463498e+01
5.190421629597874187e+01
6.471756271987952402e+01
7.628686130663928111e+01
8.729492900966432956e+01
9.638762503169462548e+01
1.041050982372268834e+02
1.103200928357664310e+02
1.141324402392815358e+02
1.161813512704402740e+02
1.158766764149181938e+02
1.132981391346676645e+02
1.091466459405083356e+02
1.023688518794618290e+02
9.328225738068738337e+01
8.304865489142443380e+01
7.061850640596536266e+01
5.650794147512837640e+01
4.154889834592992059e+01
2.555129687294855501e+01
8.883890334618927298e+00
-8.560964457236911684e+00
-2.557882760605767913e+01
-4.271280503404031492e+01
-5.882095980837289773e+01
-7.430202979472198876e+01
-8.869972227877526905e+01
-1.015594974385599016e+02
-1.130112869238453044e+02
-1.224826511625446699e+02
-1.297958263565748211e+02
-1.350430092208127917e+02
-1.379246400913331740e+02
-1.393087189815262263e+02
-1.379960866783855522e+02
-1.348814191681939008e+02
-1.295147763533141756e+02
-1.227442144756743403e+02
-1.136888083779733449e+02
-1.037934783009424962e+02
-9.294389584479469590e+01
-8.070904865543482742e+01
-6.801177124563533027e+01
-5.511172799748419493e+01
-4.200429261080079613e+01
-2.904299197528473897e+01
-1.660539081323746302e+01
-5.145661696580902777e+00
5.709680276987900704e+00
1.537428104884599200e+01
2.408764880471134262e+01
3.122476883020491201e+01
3.673752998028351158e+01
4.078852014172882434e+01
4.364350719422375136e+01
4.520271240783078781e+01
4.519189712182175356e+01
4.383893161450877329e+01
4.141202236418040883e+01
3.789221320191626319e+01
3.337379880444179037e+01
2.861941958504137062e+01
2.314757715070063071e+01
1.813110992937039967e+01
1.242784396550689685e+01
7.323588491711266357e+00
2.576992735718524941e+00
-1.901822905106523187e+00
-5.126744801047713018e+00
-7.675246055720531757e+00
-9.656242319470880631e+00
-1.037929777840326473e+01
-9.719483615200918081e+00
-8.813266810733331624e+00
-6.836098823558965698e+00
-3.769068625044607934e+00
4.623696715011921254e-02
4.306751657347532181e+00
9.099285010850129751e+00
1.425885099241425635e+01
1.988482614293517514e+01
2.512045902018794763e+01
3.052795992875447695e+01
3.492702133696781175e+01
3.880251682029026483e+01
4.171477979628485144e+01
4.360373968145376722e+01
4.418371652577016562e+01
4.333185103700272123e+01
4.124415119530284812e+01
3.788327928451603555e+01
3.261673640929942763e+01
2.623274255379005737e+01
1.883733387062556730e+01
9.996623621891695066e+00
-2.519148321381142752e-01
-1.133502145019962626e+01
-2.279067797886378699e+01
-3.536695583301776935e+01
-4.791570736351432913e+01
-6.045933097419271718e+01
-7.285569040282329922e+01
-8.432123939040067739e+01
-9.541024820171296028e+01
-1.056913344900702469e+02
-1.146455504643904391e+02
-1.219739739893424257e+02
-1.275699299123872095e+02
-1.311426171456508882e+02
-1.334397114285911812e+02
-1.331030519865722965e+02
-1.309204558505836928e+02
-1.265380991935697352e+02
-1.199351201791492514e+02
-1.118921043470088250e+02
-1.019310851238100639e+02
-9.038216435754927147e+01
-7.744842550668657566e+01
-6.324662692259381913e+01
-4.800148129683550025e+01
-3.229557712136660541e+01
-1.632153137157411749e+01
2.707068789181733826e-02
1.554944495124383508e+01
3.145128542464155785e+01
4.572896527839239411e+01
5.971921804299784498e+01
7.150082520875744763e+01
8.210959021707773786e+01
9.102944114338734494e+01
9.788183977549702774e+01
1.031180541095652075e+02
1.058936036606782380e+02
1.075032241463430864e+02
1.060932153731554308e+02
1.034616436989405486e+02
9.856042952770550869e+01
9.198756641762101083e+01
8.367350100468425467e+01
7.440947829856460771e+01
6.359811253520321372e+01
5.237735079039718045e+01
4.045500751045034349e+01
2.815664953759785405e+01
1.583781185517450218e+01
3.240894280415779427e+00
-8.387699852496876218e+00
-1.943040101702607103e+01
-2.978970755769348955e+01
-3.903909416036606927e+01
-4.748610983738218749e+01
-5.403932255413225505e+01
-5.956631340867113522e+01
-6.372559823277089919e+01
-6.641260555876617389e+01
-6.771342153809362685e+01
-6.756302747215187310e+01
-6.630818007283440352e+01
-6.399825082452137792e+01
-6.076625507674094706e+01
-5.673649399053627462e+01
-5.194915329052447817e+01
-4.701837514547778341e+01
-4.144568083374562661e+01
-3.655199449716350557e+01
-3.133331713926793682e+01
-2.666893937551568783e+01
-2.286845741920377861e+01
-1.922905711403120677e+01
-1.661159579135273034e+01
-1.478531984717561798e+01
-1.426605361520139681e+01
-1.439227285021756586e+01
-1.592975300487207413e+01
-1.764852395823724152e+01
-2.099340557489200876e+01
-2.489151450082545836e+01
-2.909530590544241946e+01
-3.410405806984765320e+01
-3.903141979171500253e+01
-4.435251938740607613e+01
-4.930615513147884599e+01
-5.388587933038506605e+01
-5.802801621577352620e+01
-6.181435176574019152e+01
-6.482554961942216210e+01
-6.637790566902498313e+01
-6.687384271537210623e+01
-6.611317465495227452e+01
-6.455225757783229312e+01
-6.092266555967719910e+01
-5.621759153648427088e+01
-5.019048387432042091e+01
-4.270116809548961356e+01
-3.402350129752664287e+01
-2.414172661922118124e+01
-1.372426224323502453e+01
-2.232857161618127861e+00
9.552498840609725761e+00
2.147685722313361723e+01
3.424992589431351320e+01
4.609257439113979871e+01
5.731419818598924820e+01
6.824498243635773065e+01
7.822716254018725124e+01
8.663960597156319920e+01
9.363654339456937237e+01
9.892971355826108493e+01
1.029626406247489570e+02
1.046668853751093735e+02
1.045156119958895715e+02
1.027013147052938677e+02
9.865479875745928950e+01
9.249499076733472691e+01
8.456549505692296975e+01
7.466185022693900919e+01
6.340541398665456541e+01
5.105050058036555072e+01
3.716333901839853127e+01
2.230768777381299373e+01
7.160661160026848826e+00
-8.763339366981092837e+00
-2.431054431594004583e+01
-4.032431006664508288e+01
-5.537620480471478857e+01
-6.931931528050671432e+01
-8.243598440432967323e+01
-9.451416843615827190e+01
-1.050513181165646301e+02
-1.137406383603437092e+02
-1.209300123184038966e+02
-1.259342483667201122e+02
-1.288777879290145734e+02
-1.300412947287936163e+02
-1.288940558207314950e+02
-1.258958148575657390e+02
-1.212757391169835728e+02
-1.148529557586682301e+02
-1.066878179187477116e+02
-9.767078637636097938e+01
-8.736390457440276691e+01
-7.628552724631320814e+01
-6.449031322860950866e+01
-5.238737562113087165e+01
-3.996728120173133902e+01
-2.830920009157506456e+01
-1.659910492357836631e+01
-5.829072596507745452e+00
4.507246242362913158e+00
1.389047595613908648e+01
2.166806791912749475e+01
2.870128546831309890e+01
3.356716490310769530e+01
3.798219740558528201e+01
4.084746180125263493e+01
4.197988347343085991e+01
4.178268545173241222e+01
4.056889951579100995e+01
3.823124468559186795e+01
3.504139093580984365e+01
3.071354518181628279e+01
2.633021962679916683e+01
2.156055234885810634e+01
1.627495525855849579e+01
1.108432238857423080e+01
6.281006059123980911e+00
1.944090308513141130e+00
-2.002176551989159670e+00
-5.289263672435808417e+00
-7.572707377580415233e+00
-8.448755708643847839e+00
-8.792837918955772381e+00
-7.825816522279098741e+00
-5.444010609563331826e+00
-7.942659120345502144e-01
5.602816249192930087e+00
1.328388135902206990e+01
2.238188616475609649e+01
3.234086612659020687e+01
4.271286703349812797e+01
5.366471948570921313e+01
6.404354796989230181e+01
7.369444022754413481e+01
8.202019892730473316e+01
8.927368069434314179e+01
9.433281695169225145e+01
9.754803140577585907e+01
9.832642391809358173e+01
9.659940603951102389e+01
9.206838580138213501e+01
8.469662594374727860e+01
7.493902074273182734e+01
6.273012932004350262e+01
4.750686274621273242e+01
3.035710137442947953e+01
1.117882534133084427e+01
-9.390776641933944902e+00
-3.151090051927099012e+01
-5.435640417349889475e+01
-7.748217336023053292e+01
-1.003862943701936388e+02
-1.230426556659842277e+02
-1.441772169403138548e+02
-1.637381020943207943e+02
-1.814271306306224574e+02
-1.967712651027960646e+02
-2.092558726295701774e+02
-2.186281605857641921e+02
-2.249464779968126322e+02
-2.272693058019681303e+02
-2.258800157657793477e+02
-2.212264695075517409e+02
-2.131323889637691025e+02
-2.015330040140623851e+02
-1.863421311113236811e+02
-1.685880763342187834e+02
-1.477137986481657492e+02
-1.247689517806305162e+02
-1.001182259879257685e+02
-7.413328076191058358e+01
-4.686300149067184151e+01
-1.954995375301198735e+01
7.965685684406572875e+00
3.472200517735301872e+01
6.025582529488035988e+01
8.460665591627575566e+01
1.064926698099378086e+02
1.264521048736230142e+02
1.433128421936905568e+02
1.573762578306466935e+02
1.684743319482076913e+02
1.762526012127031549e+02
1.805929092843841488e+02
1.815878649736251020e+02
1.790999850454775810e+02
1.736942568495748560e+02
1.650577246684856050e+02
1.542116617690864189e+02
1.406512491212726559e+02
1.251527356432248865e+02
1.080759752679337140e+02
8.971306146408808502e+01
7.066149451826979089e+01
5.104720061278985810e+01
3.154162160163755502e+01
1.243987554390412775e+01
-5.986096460119075147e+00
-2.299727503272412221e+01
-3.903911515312115199e+01
-5.326810487874904254e+01
-6.537742357005505767e+01
-7.542216203218193016e+01
-8.369907384204317680e+01
-8.957959999100863513e+01
-9.367385877091901136e+01
-9.521145069084057866e+01
-9.493496920231572744e+01
-9.287344864259456756e+01
-8.918426412583254148e+01
-8.410534225848917345e+01
-7.787072271151261305e+01
-7.068539394872281889e+01
-6.313862645484748981e+01
-5.509918755228127196e+01
-4.739728782872563784e+01
-4.045085280386468440e+01
-3.331193551356309257e+01
-2.734192278236543672e+01
-2.234080514560353592e+01
-1.842849292079429091e+01
-1.610100482593040994e+01
-1.518320329226108001e+01
-1.546472334281776284e+01
-1.713393834694763740e+01
-2.018122910453696051e+01
-2.435591065822037038e+01
-2.964987124276188268e+01
-3.560508607784679214e+01
-4.215540384163926291e+01
-4.923101388839783255e+01
-5.656520859969225512e+01
-6.350195863182084111e+01
-7.017414325506277351e+01
-7.554868483152387171e+01
-8.038974307480552284e+01
-8.458625900916885598e+01
-8.647689193436953303e+01
-8.719463130562262165e+01
-8.644310453049298815e+01
-8.312182182555115162e+01
-7.856678244403612155e+01
-7.215455063347481257e+01
-6.333147895491970303e+01
-5.351580885069790838e+01
-4.185965779372882167e+01
-2.835481420624104132e+01
-1.452446034381894613e+01
7.167049906019774541e-01
1.674811548454593790e+01
3.264354027567758720e+01
4.844451708921257449e+01
6.428595815524766977e+01
7.916074483652671745e+01
9.308721819227318406e+01
1.059722875561529065e+02
1.168916582655953817e+02
1.258549821409073957e+02
1.328529395898737846e+02
1.373958845847936345e+02
1.394548910210022541e+02
1.391177778231404432e+02
1.360564113124534344e+02
1.304703350219705271e+02
1.224033265504803580e+02
1.119195917833516916e+02
9.938486599381327835e+01
8.440991506291209134e+01
6.839178254052997374e+01
5.070244768632813503e+01
3.180788841922408849e+01
1.228517805555726738e+01
-7.691767268423321369e+00
-2.756842787400846007e+01
-4.705347637289452223e+01
-6.568752103582544066e+01
-8.386824110602924520e+01
-1.001811995956454240e+02
-1.148766491530540890e+02
-1.276519016980295760e+02
-1.384363778643235037e+02
-1.467256147401272983e+02
-1.526232338151962153e+02
-1.560168897622266400e+02
-1.570837691890772021e+02
-1.560964864993136132e+02
-1.521009684264296880e+02
-1.459239643350199174e+02
-1.379811883079585471e+02
-1.277240359168227286e+02
-1.166919898004589555e+02
-1.038250450728233290e+02
-8.997884877779654289e+01
-7.556318149740117462e+01
-6.080823409841935501e+01
-4.601456508107770560e+01
-3.167803325081905896e+01
-1.761614947604752501e+01
-4.242740267772385110e+00
7.763531525268701827e+00
1.923218091219045078e+01
2.841598383225415958e+01
3.655387652042822566e+01
4.278280785391572039e+01
4.770938634555194824e+01
5.055853572678896768e+01
5.212659151806873581e+01
5.185037071550930676e+01
5.003392772404380651e+01
4.754214913462401171e+01
4.342681644513695005e+01
3.852080473244861736e+01
3.320058019851062880e+01
2.711355456142335285e+01
2.080594335688635610e+01
1.497720123706637096e+01
9.279893227875774642e+00
4.201966168598017859e+00
-8.850712503412655474e-01
-4.191491340756702044e+00
-7.400195951062479516e+00
-9.186018309361374534e+00
-9.954013463674943551e+00
-9.738733529123432930e+00
-8.633712980041343243e+00
-6.215069953250079493e+00
-2.663567816083217021e+00
1.077161955849585739e+00
5.881166011392009452e+00
1.137008574629451729e+01
1.714661306735382595e+01
2.316471621554833504e+01
2.872276589042648709e+01
3.385222300307895438e+01
3.891577427783989407e+01
4.290612558094201745e+01
4.601888298695064350e+01
4.777127394611903810e+01
4.845456247099637892e+01
4.793065722587911637e+01
4.552434898609519820e+01
4.220449149196001315e+01
3.659415568803579788e+01
2.938288562665423242e+01
2.107269198901323293e+01
1.188261843795798178e+01
6.772340676734461828e-01
-1.089865166943485342e+01
-2.370488342454256525e+01
-3.692249762642059352e+01
-5.040383753794417032e+01
-6.360471936889797462e+01
