-5.773846208478210684e+01
-8.823403410834625760e+00
-1.012644084310254122e+01
-1.108156896097841404e+01
-1.182697264138216831e+01
-1.281918608453077368e+01
-1.409029309564352239e+01
-1.618113326088842641e+01
-1.813181163488521719e+01
-1.824908213264520285e+01
-1.542233805092947030e+01
-8.802727696264051716e+00
-2.521437684757182884e-01
2.105775599774179163e+00
1.011334913601901242e+01
5.564419679948653652e+01
1.256069109633494634e+02
2.041747210819745533e+02
2.794505716493152931e+02
3.394805765453607478e+02
3.750875295512001344e+02
3.806814060961664268e+02
3.537521962465391994e+02
2.953439762071965902e+02
2.127506475230431420e+02
1.173570209778932281e+02
2.178604614563981556e+01
-6.159420048158181515e+01
-1.213401839009713825e+02
-1.511112403448659052e+02
-1.554421613371167155e+02
-1.372104853814760190e+02
-1.151877196781337744e+02
-9.609167579134918924e+01
-7.897912243005187349e+01
-6.411505281851994198e+01
-5.111183533816656421e+01
-3.993000674778136272e+01
-3.032456836682287360e+01
-2.230354414233583427e+01
-1.557724632665207309e+01
-1.015843461349765242e+01
-5.767946412503951237e+00
-2.329451868737543396e+00
4.780762357155160513e-01
2.687507932077815020e+00
4.410194938629762973e+00
5.836922590575897907e+00
7.099317024575105606e+00
8.291417035337895314e+00
9.560797419792180563e+00
1.088535877286124709e+01
1.231163581973798316e+01
1.380078421136237665e+01
1.529669315821197628e+01
1.688712431042489825e+01
1.861803883045363506e+01
2.047653696238135268e+01
2.240976592510457266e+01
2.431912343586967751e+01
2.618750864427021341e+01
2.809528535498013824e+01
2.999908652139965426e+01
3.200684842599244462e+01
3.414127453474515050e+01
3.632617051974092703e+01
3.860583190566699585e+01
4.097124041786907611e+01
4.339579443970827555e+01
4.587999539404729887e+01
4.849087558427500966e+01
5.114476897608588501e+01
5.389485603211630860e+01
5.670319669634872639e+01
5.961293565753762635e+01
6.262683453174248882e+01
6.565817845230708372e+01
6.875539462969001647e+01
7.195071430708532034e+01
7.522695045355624188e+01
7.860595205779785033e+01
8.206686147824345312e+01
8.561920450227729873e+01
8.918556381478771300e+01
9.285612025258484437e+01
9.648553590044808459e+01
1.000751523458073962e+02
1.035733507146362200e+02
1.069542793913907985e+02
1.102512500705016123e+02
1.133247682575134974e+02
1.161426814570753407e+02
1.185900151206854503e+02
1.205172155737471513e+02
1.217691457261441457e+02
1.222952561632027795e+02
1.219508051481149380e+02
1.206982268838557246e+02
1.183962375354650618e+02
1.149549638020478568e+02
1.102982098009941438e+02
1.045291921473765200e+02
9.794522367909092964e+01
9.074138969280980405e+01
8.308431472208026491e+01
7.507422341176578584e+01
6.693673949802325751e+01
5.894944612537088346e+01
5.115980523765470878e+01
4.373834993224276957e+01
3.687657946411141552e+01
3.057017699053026405e+01
2.477808310952977777e+01
1.951971010625207725e+01
1.476378378125854418e+01
1.048477617207762869e+01
6.671294533924607251e+00
3.238711889182768644e+00
2.424124211547917795e-01
-2.360532445905184851e+00
-4.547689441167928059e+00
-6.360337426934911775e+00
-7.880564474352796722e+00
-9.157246889775549903e+00
-1.021758170414925537e+01
-1.098443745306426678e+01
-1.143758054651243761e+01
-1.165697558060657357e+01
-1.169278657885463346e+01
-1.156111091031917226e+01
-1.126701491211223782e+01
-1.083610444705700182e+01
-9.717744131834136212e+00
-8.628459265687920876e+00
-7.577474954060102519e+00
-6.421152303793756566e+00
-5.288008602150398474e+00
-4.342988901034036786e+00
-3.761714970436047523e+00
-3.692675560774596910e+00
-4.185129472056113187e+00
-5.104251388398453493e+00
-6.342250767034841807e+00
-7.656350777402392893e+00
-8.899844834292300888e+00
-9.946453840836113613e+00
-1.085338979254657588e+01
-1.183603346916711452e+01
-1.216024356375677229e+01
-1.217790791547912121e+01
-1.220176512629623566e+01
-1.218811806630921346e+01
-1.218147971603418966e+01
-1.214853455306831975e+01
-1.217580003579100989e+01
-1.226697336206146360e+01
-1.230635479156188516e+01
-1.229264209392558271e+01
-1.229675479150897033e+01
-1.223087417154404655e+01
-1.220013499113931310e+01
-1.216038794924892485e+01
-1.217328387719337890e+01
-1.220676880624014515e+01
-1.224420630844756985e+01
-1.227262532412790996e+01
-1.229038869779789600e+01
-1.229753364172826835e+01
-1.229695666337663162e+01
-1.228824402958466067e+01
-1.223239465971190221e+01
-1.212835425462115424e+01
-1.209340065766042827e+01
-1.214179469569350545e+01
-1.220999909648240234e+01
-1.223399594574466320e+01
-1.225383381480440903e+01
-1.227432471303369255e+01
-1.229161870531907041e+01
-1.230291788240495876e+01
-1.230921833846675284e+01
-1.233729471288685708e+01
-1.239184369054215296e+01
-1.238459497761713735e+01
-1.234739769049554248e+01
-1.232227800693351227e+01
-1.228253096504312225e+01
-1.230648627873326184e+01
-1.227541373928948509e+01
-1.225849577256269463e+01
-1.219757729696955906e+01
-1.214458672695466390e+01
-1.210224952567077672e+01
-1.204554525476081928e+01
-1.198404958894323258e+01
-1.190611865984986117e+01
-1.184637760741871837e+01
-1.164868833395739856e+01
-1.132657967744445848e+01
-1.078632310259184024e+01
-9.933397746856471144e+00
-8.727238243963064690e+00
-7.071346419777202463e+00
-4.839734410797898789e+00
-2.045661835824392316e+00
1.405957166791864443e+00
5.659024097708420520e+00
1.064499800474338542e+01
1.621151440572359093e+01
2.202984146546118538e+01
2.772034039001057693e+01
3.288040737088485344e+01
3.690932946524323910e+01
3.942614184153698886e+01
4.015161333636789465e+01
3.899364930557576514e+01
3.609408113463328505e+01
3.169571194607384612e+01
2.631245763752987443e+01
2.033809052606940071e+01
1.426467243322309386e+01
8.487110266347631438e+00
3.277893621803976032e+00
-1.079564423544418617e+00
-4.541902360732548161e+00
-7.078813730702017359e+00
-8.944800253506080878e+00
-1.022040711970876359e+01
-1.112844272271644996e+01
-1.181768324111137147e+01
-1.265338158503087840e+01
-1.386070501895257578e+01
-1.597591486666437532e+01
-1.801997800374155645e+01
-1.821916921602631945e+01
-1.540812350668481834e+01
-8.795962605864655615e+00
-2.066500658726350137e-01
2.269028494971553123e+00
1.032000054057933269e+01
5.572827621149276922e+01
1.255876722531833281e+02
2.040617872208187578e+02
2.793310005688318824e+02
3.394418655785247552e+02
3.751822517068959542e+02
3.807839167308680999e+02
3.538588713990782253e+02
2.954198152074052928e+02
2.129470764571675829e+02
1.176032469803153617e+02
2.207569858747444513e+01
-6.131743334265018319e+01
-1.211308573443381533e+02
-1.510092133326898249e+02
-1.554869790394205609e+02
-1.372934165862865257e+02
-1.152406673697562951e+02
-9.609212241347688632e+01
-7.894801289021016544e+01
-6.406749377426143610e+01
-5.103747259352869037e+01
-3.982175419941397365e+01
-3.027174741532471103e+01
-2.228084272637122609e+01
-1.556424414456081884e+01
-1.008897291075646407e+01
-5.631369335229656770e+00
-2.154952535782785006e+00
6.565892443060259431e-01
2.791417980944610466e+00
4.471893395389622938e+00
5.814591534048256349e+00
7.106894349492155705e+00
8.357575789861195759e+00
9.699477629707583759e+00
1.105093864123655578e+01
1.246948356453546758e+01
1.392051845365316964e+01
1.547720531857614290e+01
1.709075544788438705e+01
1.879648011152761811e+01
2.054667941246881568e+01
2.233012498206398178e+01
2.418857342714580483e+01
2.608608703582430621e+01
2.806402156871012465e+01
3.012263731450553905e+01
3.226088359017291651e+01
3.440807435157150707e+01
3.656832003438987044e+01
3.879185504683222518e+01
4.111138567959885393e+01
4.348054170073998392e+01
4.601612244496713089e+01
4.859362034419530829e+01
5.117995782921263270e+01
5.386180844297603443e+01
5.660378032954371008e+01
5.938814690377076744e+01
