1.824842857050266443e-01
1.628780163170122364e-01
1.429724552107476121e-01
1.264400171450028587e-01
1.179058252826648140e-01
1.138046384297664582e-01
1.107276990578677650e-01
1.010604637819792623e-01
8.922141542410400028e-02
7.885717725737909078e-02
6.868669593211161606e-02
5.692803561219724612e-02
6.010580914662626978e-02
7.466067595254131939e-02
8.789349867985718490e-02
9.287978480616897181e-02
9.116724655808211564e-02
9.712929350507759629e-02
1.153920754069329840e-01
1.340077866500796189e-01
1.528692569060774165e-01
1.652097469298570154e-01
1.752678226185197252e-01
1.752161889038217346e-01
1.775448113074072354e-01
1.751391587407400141e-01
1.725805770079904544e-01
1.667888713576803073e-01
1.546809777424066890e-01
1.515511109959423730e-01
1.559824126909896691e-01
1.496290890003717511e-01
1.440153987436432192e-01
1.365196895523277110e-01
1.349874887076444596e-01
1.178985911916522328e-01
1.026857717859976371e-01
8.431626830141256135e-02
6.859125298544632710e-02
6.578695607889219199e-02
7.421968909716426810e-02
8.210437797427153073e-02
9.302662710282266767e-02
1.019870075409659987e-01
1.067616289928980944e-01
1.192236364434692275e-01
1.409334441541085503e-01
1.529256549753373329e-01
1.679141701568958867e-01
1.779842386097847950e-01
