-1.200235224675379868e+02
-8.031938829806932745e+01
-9.279033767452091297e+01
-1.056110803476123721e+02
-1.160575367762692451e+02
-1.255108094377611820e+02
-1.334672537446644469e+02
-1.394877872681894360e+02
-1.435419626513981939e+02
-1.452520963712659068e+02
-1.449053598049903258e+02
-1.421548261268322051e+02
-1.370889016529526430e+02
-1.297343380516043112e+02
-1.203453096451817714e+02
-1.092148330697975069e+02
-9.593179834711797582e+01
-8.170885196607356704e+01
-6.543859396014146057e+01
-4.926695832567742173e+01
-3.168108572568682391e+01
-1.418733754943969316e+01
3.842167304957652796e+00
2.044124291424681772e+01
3.731619604940978263e+01
5.289878355699138979e+01
6.767697326896613674e+01
8.090170527531275013e+01
9.176606581860156098e+01
1.010717743082070115e+02
1.085560563438294110e+02
1.135127855501131506e+02
1.165094773462472375e+02
1.171222573131251323e+02
1.154729736056894183e+02
1.119829598870430374e+02
1.061294117624081963e+02
9.858276739255767041e+01
8.951833325755713133e+01
7.886816218145291657e+01
6.731988263169439790e+01
5.455259821543805288e+01
4.179600815125237290e+01
2.831856695771149290e+01
1.456899745689823611e+01
1.618057489152108230e+00
-1.075867157821205033e+01
-2.284861061969901286e+01
-3.392593005903425052e+01
-4.385481097131239636e+01
-5.216447993127970761e+01
-5.941335038809278757e+01
-6.468977416672206004e+01
-6.876161503260061636e+01
-7.124435739183464023e+01
-7.222141665047523418e+01
-7.188092305388592251e+01
-7.004340376601449236e+01
-6.685068374210668196e+01
-6.335798424634590731e+01
-5.860538519861820816e+01
-5.313169274504295458e+01
-4.786948464160575156e+01
-4.195026987660669704e+01
-3.625090320944084255e+01
-3.087612266242324921e+01
-2.595226214454186930e+01
-2.177563448857701900e+01
-1.809929268000689717e+01
-1.521357791941485083e+01
-1.378710034349069069e+01
-1.284903586375050466e+01
-1.321957940176483071e+01
-1.447539771891153038e+01
-1.721850683588930409e+01
-2.050798629861192524e+01
-2.489626621356919145e+01
-3.004498757957607680e+01
-3.509142065362852492e+01
-4.067543461332616772e+01
-4.659318524558545960e+01
-5.181699334881100327e+01
-5.696726518305733578e+01
-6.147259052580638894e+01
-6.576065665929696991e+01
-6.871034149685928583e+01
-7.064898072387153150e+01
-7.098599112868480177e+01
-7.038010966091286491e+01
-6.799579105053668115e+01
-6.434321921330736416e+01
-5.893834855859532240e+01
-5.215785870433593630e+01
-4.457747671577765658e+01
-3.517271555022196594e+01
-2.500254342855884815e+01
-1.323570135332859365e+01
-1.004784329616623229e+00
1.154398938142189479e+01
2.456434023411588896e+01
3.741841032547038282e+01
5.004595718019151462e+01
6.245632201880395939e+01
7.380466839306750160e+01
8.429229617044478573e+01
9.286140106478757161e+01
1.002645241543536940e+02
1.056832871980277133e+02
1.097688830877024486e+02
1.112320444201524623e+02
1.111114662687080425e+02
1.084057836771521295e+02
1.036496930745017835e+02
9.690613342159265642e+01
8.857264255664178165e+01
7.813456619332561104e+01
6.561755030425132418e+01
5.223780129442869935e+01
3.722548522426198048e+01
2.158214751678373489e+01
5.148370025211923107e+00
-1.123468410986806809e+01
-2.817426509821785530e+01
-4.438710412288042306e+01
-6.006154854468855575e+01
-7.471864896129135047e+01
-8.836480187021710719e+01
-1.006963288465722712e+02
-1.114175025995631074e+02
-1.201920778856871550e+02
-1.271186742358026152e+02
-1.319113584315067556e+02
-1.346900637614461687e+02
-1.352860137916613041e+02
-1.341609779138926797e+02
-1.305553344841671048e+02
-1.252973001807883975e+02
-1.182753813851360860e+02
-1.093467138025545893e+02
-9.974175953964375196e+01
-8.862067938278237023e+01
-7.670135331745373719e+01
-6.419003986787956251e+01
-5.125560597185113920e+01
-3.828123697946004000e+01
-2.616595781810099197e+01
-1.376152556126551474e+01
-2.728644182575923338e+00
7.721912257216375863e+00
1.694688049284368958e+01
2.537130016077579953e+01
3.221994963099450615e+01
3.737282203780295475e+01
4.083851902518379262e+01
4.362431918846206713e+01
4.464082685707258946e+01
4.411803479699872810e+01
4.247555226128574191e+01
3.971276561154375884e+01
3.599759276459554513e+01
3.154411638124640049e+01
2.663765101100603516e+01
2.122054199269327412e+01
1.531441099823813445e+01
9.687640354590712377e+00
4.573768604677094451e+00
2.293020429479375455e-02
-4.186325785115229792e+00
-7.384312251436894847e+00
-9.881879517565561599e+00
-1.142420270570473662e+01
-1.214994878708937875e+01
-1.188930694726986559e+01
-1.009483445715275352e+01
-7.892382848349080326e+00
-4.539148078844619683e+00
-4.145947775095540355e-01
4.360665069685243367e+00
9.413855661578264034e+00
1.452156659387523696e+01
2.022454319294150338e+01
2.542401937820337565e+01
3.009440913719681987e+01
3.548663169318951560e+01
3.901839465798258288e+01
4.166238524948803956e+01
4.342724592867438815e+01
4.401829491699283636e+01
4.369336446101996785e+01
4.150338455044784070e+01
3.773205307666498243e+01
3.289760923674356263e+01
2.641351948122325766e+01
1.825495445221937274e+01
9.316664689042980285e+00
-7.598826663267221893e-01
-1.184481643097694636e+01
-2.373689104285108797e+01
-3.559157138265432962e+01
-4.866125637897084033e+01
-6.134871335240737267e+01
-7.343610851711997611e+01
-8.550975930956028037e+01
-9.633220894268463041e+01
-1.064664623557437722e+02
-1.149967785378683800e+02
-1.222434432239931255e+02
-1.276895962286193935e+02
-1.313803168741889351e+02
-1.330231891243690256e+02
-1.328646319949739336e+02
-1.305876227899910305e+02
-1.258930519552354639e+02
-1.195822286996369286e+02
-1.113348334802167159e+02
-1.008782888938070954e+02
-8.902039456630915026e+01
-7.610806271547892266e+01
-6.174606654057190980e+01
-4.630193178626930006e+01
-3.021927185866116261e+01
-1.372632156302112882e+01
2.329287652052753010e+00
1.823033497741174003e+01
3.356948128163318756e+01
4.807699485121364091e+01
6.143734277965053536e+01
7.336125928709374477e+01
8.410138126960404747e+01
9.290330455736253157e+01
9.936896614266996153e+01
1.043270260880848639e+02
1.069512594799086429e+02
1.075118796757316630e+02
1.061648916484140699e+02
1.031129208072746621e+02
9.767899949766693624e+01
9.096943207466175352e+01
8.253478956945158984e+01
7.269469880980720689e+01
6.184469379202843697e+01
5.017765022551149201e+01
3.805595449300771804e+01
2.540920727133862300e+01
1.317144166233737756e+01
4.161261786296305276e-01
-1.100325475902931771e+01
-2.229686963880005379e+01
-3.273084033995716879e+01
-4.197138687641653831e+01
-4.962051495337980356e+01
-5.624268272253727474e+01
-6.139891102876493534e+01
-6.519726969171982489e+01
-6.751398611268332672e+01
-6.836174259174337919e+01
-6.827196435633663896e+01
-6.634620170223868740e+01
-6.379229690853745893e+01
-5.983583588958889266e+01
-5.570642996238426292e+01
-5.090676931031906349e+01
-4.589827841059420876e+01
-4.033089455061569595e+01
-3.541190282128007993e+01
-3.012695346087054205e+01
-2.529363960406208633e+01
-2.096372883367478224e+01
-1.771528731096601206e+01
-1.525220143490164126e+01
-1.344866813209755740e+01
-1.308721254623199926e+01
-1.390925625760566753e+01
-1.740731327832696707e+01
-2.225407855299336646e+01
-2.910384701444148092e+01
-3.821027230523888107e+01
-4.806347851006314897e+01
-5.892624535497600391e+01
-7.010103894348563358e+01
-8.125517810511647099e+01
-9.205549174512731270e+01
-1.022309804348937803e+02
-1.109108451208225432e+02
-1.182825970390244379e+02
-1.238680305585050974e+02
-1.271287825391732582e+02
-1.276222300859604957e+02
-1.255730778941267971e+02
-1.211168262209076545e+02
-1.133501892392448696e+02
-1.026624704503271914e+02
-8.959990043296744489e+01
-7.384061752770958265e+01
-5.548556710764235333e+01
-3.561808536646030632e+01
-1.408520794079685068e+01
8.595554004701796202e+00
3.241651180356511475e+01
5.627984266177834627e+01
7.997554495286806286e+01
1.034238762266938636e+02
1.252042440490595681e+02
1.451431064142220464e+02
1.628192298953593706e+02
1.783484502437505341e+02
1.905893150226648061e+02
1.994614255604383004e+02
2.055087019088383329e+02
2.070531142003503930e+02
2.060934366387975558e+02
2.005800922088203038e+02
1.919323627397170924e+02
1.789855413475488035e+02
1.633402902715640721e+02
1.444772933961680224e+02
1.229711883366076250e+02
9.921923825767180460e+01
7.310878323794852918e+01
4.644070874908254609e+01
1.822770097893880248e+01
-1.010056804928433039e+01
-3.819891485118972696e+01
-6.555949943746813346e+01
-9.173054645420050690e+01
-1.159629276566913205e+02
-1.383964278915554758e+02
-1.582370879466307088e+02
-1.756144841439783022e+02
-1.894011830209844902e+02
-1.998194610158889759e+02
-2.071126240169081427e+02
-2.107508952013639316e+02
-2.111846493211593554e+02
-2.082415652812416624e+02
-2.021730236061783614e+02
-1.926440880197039291e+02
-1.809320021197585788e+02
-1.665597105894692334e+02
-1.503826138729228319e+02
-1.326612902223116635e+02
-1.132576369696889174e+02
-9.335546268435371076e+01
-7.310250915301365637e+01
-5.309431522946117354e+01
-3.327276543476532567e+01
-1.457587358584232540e+01
2.675147518689280357e+00
1.856363227514284020e+01
3.283104231669962303e+01
4.498092486120033584e+01
5.517152927886778002e+01
6.291210103222824301e+01
6.837700039450628253e+01
7.178681235443666253e+01
7.289379020955657040e+01
7.219213738574281081e+01
6.919416434054858200e+01
6.502894991534601843e+01
5.900643999930434092e+01
5.235982039561034895e+01
4.456555818173136885e+01
3.665671184101970681e+01
2.848542503776229040e+01
2.027663849887494507e+01
1.248028435611124642e+01
5.624823301001200093e+00
-7.071160504305660233e-01
-5.280300327196471244e+00
-9.086683304038245979e+00
-1.137964232672003462e+01
-1.200967453843835742e+01
-1.106354117185454555e+01
-9.471230247306335670e+00
-5.778598480027190121e+00
-1.132097606486834440e+00
4.288307339717468913e+00
1.087895254307671422e+01
1.782964405720027656e+01
2.500895753391097642e+01
3.249316159718028985e+01
4.048688024448365042e+01
4.715764413541466382e+01
5.309106337184942248e+01
5.844609125435952279e+01
6.224308976544209315e+01
6.431725100648615978e+01
6.491684493161504577e+01
6.374346208902021971e+01
6.074312677991249387e+01
5.551850248571006574e+01
4.836191523424293592e+01
3.965213934135765328e+01
2.921763952564354483e+01
1.690150111246825304e+01
3.091370385305239221e+00
-1.172696025135907405e+01
-2.741600814129122554e+01
-4.343939581913788572e+01
-5.993575417481067547e+01
-7.690169925035399956e+01
-9.300367982832510449e+01
-1.083104063395512497e+02
-1.225536961959481772e+02
-1.354843367241640522e+02
-1.464337148786113119e+02
-1.556869646248818242e+02
-1.625985431380964883e+02
-1.668203745947327263e+02
-1.686122106428372263e+02
-1.683025515040138487e+02
-1.647517012499711484e+02
-1.586409252235439737e+02
-1.500457764908530862e+02
-1.389657020206546463e+02
-1.257423943211380220e+02
-1.104371717836593945e+02
-9.312376332374789456e+01
-7.487023205138262938e+01
-5.498114932102296137e+01
-3.495654855957322127e+01
-1.453022114321720082e+01
6.202266496353525227e+00
2.598211445846926893e+01
4.532072342772190154e+01
6.311708753293259377e+01
7.973542120741802819e+01
9.462097971759881432e+01
1.072555686663302765e+02
1.178407322475895143e+02
1.261883086698638152e+02
1.320039745916986931e+02
1.349014723637750990e+02
1.355896634850491296e+02
1.337134435150235561e+02
1.289852276267984621e+02
1.225644846872776697e+02
1.138507896055300534e+02
1.032223828922836333e+02
9.124102026410908195e+01
7.794427205320550911e+01
6.365541336246219828e+01
4.860494565844344095e+01
3.324489543003619474e+01
1.785930376212165882e+01
3.303865535892727578e+00
-1.080607107676277501e+01
-2.439985363925977069e+01
-3.658571430027514282e+01
-4.751945497295044873e+01
-5.689566450470701398e+01
-6.492587714440156788e+01
-7.100946474138449105e+01
-7.548298178473565656e+01
-7.791215035076658069e+01
-7.934812586741138318e+01
-7.845275206712956617e+01
-7.683513723251942906e+01
-7.339014116650930930e+01
-6.927425954210903569e+01
-6.367512452874848350e+01
-5.779486492861287417e+01
-5.162419168179111040e+01
-4.496584788071055527e+01
-3.898251773417445065e+01
-3.275828338059755396e+01
-2.739656782780866706e+01
-2.235435333864426255e+01
-1.830240895914839072e+01
-1.546880613229901869e+01
-1.353185281715681754e+01
-1.287330235593770666e+01
-1.353919409532009510e+01
-1.505240539760165852e+01
-1.788491445114823719e+01
-2.159209673535006857e+01
-2.577668552622220233e+01
-3.107831205955775644e+01
-3.733699682066679770e+01
-4.329942721134914763e+01
-4.955092910905527503e+01
-5.542310919730580565e+01
-6.128801024081560200e+01
-6.617301540636890422e+01
-7.085511873770748537e+01
-7.391540513748576302e+01
-7.593127123475569817e+01
-7.648477895187210152e+01
-7.546639546738553861e+01
-7.305049318873602715e+01
-6.887173434159366536e+01
-6.290709343317597302e+01
-5.606201464766289178e+01
-4.725882514257305900e+01
-3.704756326064219962e+01
-2.567609769741052617e+01
-1.343689226961948791e+01
-7.790680218791590228e-03
1.366566336900734768e+01
2.749930051445346635e+01
4.123915864717788082e+01
5.489341936488037987e+01
6.759414716087252373e+01
8.002102772026601940e+01
9.076029288020392016e+01
1.002538009531588727e+02
1.082879855210442344e+02
1.140009324796004364e+02
1.180326694211873360e+02
1.196845461286262946e+02
1.189992572643174356e+02
1.165949378349469470e+02
1.114451984060954999e+02
1.039720918599172279e+02
9.521842753340334298e+01
8.401936009202050570e+01
7.085494286719922741e+01
5.646944219554430333e+01
4.078209540418033185e+01
2.419364793059758512e+01
6.574402321828634932e+00
-1.083580562977822659e+01
-2.868027883001009215e+01
-4.577446890976852956e+01
-6.248661994019385446e+01
-7.835254313100077184e+01
-9.277475485361266294e+01
-1.058652178245783801e+02
-1.171540022590215102e+02
-1.264794087673687670e+02
-1.338401085320241464e+02
-1.387919647549475712e+02
-1.420277702866700054e+02
-1.423084776791564536e+02
-1.407158146192540187e+02
-1.368709037862267621e+02
-1.315020017539353603e+02
-1.236365636285534606e+02
-1.146262559511577166e+02
-1.042817395070734250e+02
-9.228404176851815066e+01
-7.962175133997774878e+01
-6.654255267910798466e+01
-5.310961518386203295e+01
-3.962840981199244084e+01
-2.640993063626827109e+01
-1.395177737522572059e+01
-1.962283626785045421e+00
8.899091743363658935e+00
1.883264964512886053e+01
2.723692672221352851e+01
3.405482715109135938e+01
3.938740480950827560e+01
4.344393147984494163e+01
4.608283397744200727e+01
4.705206414057916220e+01
4.657840343318555654e+01
4.488608582631631094e+01
4.201129060115198399e+01
3.801591220832566620e+01
3.359615601018929709e+01
2.819687429353343688e+01
2.293971807419445241e+01
1.676705382687280022e+01
1.110246129231278545e+01
5.713710187205276014e+00
5.008474160490022919e-01
-3.525509029447652765e+00
-7.005727544755681713e+00
-9.943217687697405438e+00
-1.155919141036502040e+01
-1.172109628790557068e+01
-1.152006572300818910e+01
-1.010568552941937348e+01
-7.512682187823100044e+00
-4.088223881376340074e+00
-5.478472537182310642e-02
4.634148967173286060e+00
9.804878103477729923e+00
1.555392042457891044e+01
2.102302718308658669e+01
2.685418451802138406e+01
3.194577149402648786e+01
3.676727844914628207e+01
4.077543913998627545e+01
4.388663098934825513e+01
4.574765081750836515e+01
4.623155527190324676e+01
4.552182747137861440e+01
4.350176235612357800e+01
3.952688131823592244e+01
3.429010840015919115e+01
2.784016667566414682e+01
1.975446879579520498e+01
1.010302436926374625e+01
-5.185802531853689334e-01
-1.166439037914165944e+01
-2.406287431526958187e+01
-3.668704536330887578e+01
-4.961702370862087008e+01
-6.268916397293273945e+01
-7.510303871903741424e+01
-8.732320448301815929e+01
-9.886219067604666577e+01
-1.092379424961203966e+02
-1.181692353320561182e+02
-1.255493942431876775e+02
-1.309810234466073666e+02
-1.351348812234465129e+02
-1.366205430190681227e+02
-1.362339937732528767e+02
-1.336391071830930741e+02
-1.287073381146635995e+02
-1.221917720759641668e+02
-1.134979099043565043e+02
-1.029366584066509205e+02
-9.082327710183854208e+01
-7.725097298320929440e+01
-6.239517733803363342e+01
-4.685413436412123644e+01
-3.069875493722572557e+01
-1.381540941711623205e+01
2.438153176709148440e+00
1.921290010296423745e+01
3.452222109688524654e+01
4.977554706462257883e+01
6.316778317124767028e+01
7.564025474552950357e+01
8.645457913638215075e+01
9.510438594148492086e+01
1.019723306891706898e+02
1.063568756417654981e+02
1.096303545105763391e+02
1.099148349967705656e+02
1.088815040600795214e+02
1.054139416813757464e+02
1.001610565743804955e+02
9.294983173647906938e+01
8.457369022985238871e+01
7.438868808740549809e+01
6.347246321262832680e+01
5.155529301926931396e+01
3.902808995049467455e+01
2.629430847549502204e+01
1.312847722852550980e+01
7.982364032467825776e-01
-1.109599769669655345e+01
-2.239886518821296235e+01
-3.272590704470954392e+01
-4.233389356906535284e+01
-5.006808915590578124e+01
-5.685828923592208639e+01
-6.228173628940952966e+01
-6.616633498338725872e+01
-6.860280025462471087e+01
-6.946539680079501977e+01
-6.911136352931292492e+01
-6.754187997026592427e+01
-6.484680594751345950e+01
-6.112729954292617407e+01
-5.646574879100691646e+01
-5.153469838939628289e+01
-4.585908516405291380e+01
-4.075670177664488847e+01
-3.512335309460977584e+01
-2.985643596020738855e+01
-2.528460539370240312e+01
-2.082525582138899978e+01
-1.739301853003033926e+01
-1.476435482051472547e+01
-1.342636458187384463e+01
-1.270268463273237280e+01
-1.338618154289720152e+01
-1.430188419545039835e+01
-1.696649242530951085e+01
-2.035967157339782929e+01
-2.428411121732444400e+01
-2.922452274672240335e+01
-3.434451753465147306e+01
-4.005551162405309640e+01
-4.556608111590449539e+01
-5.083166049084933746e+01
-5.572880932135711163e+01
-6.033985894614293244e+01
-6.426997715446327675e+01
-6.683287329522981679e+01
-6.848229381559882256e+01
-6.895257056503683657e+01
-6.860993762599625256e+01
-6.617017734594188028e+01
-6.258713893897027702e+01
-5.763795899906720877e+01
-5.120492516848999287e+01
-4.351901148754141957e+01
-3.438748437042257677e+01
-2.440225282037827981e+01
-1.307189692467697029e+01
-1.274560998016953439e+00
1.079777761973456762e+01
2.390056848215462892e+01
3.630219275692556380e+01
4.833682274685313018e+01
6.032538646251332182e+01
7.158016917295853432e+01
8.143620250300469365e+01
9.006691215792167782e+01
9.708111818502631252e+01
1.028256875219160804e+02
1.062640368745045834e+02
1.078336633363521599e+02
1.076957488664624947e+02
1.053080544494044375e+02
1.007956323668793459e+02
9.442013305393963662e+01
8.590194785032153391e+01
7.578606173197097462e+01
6.427070133666394725e+01
5.091011511467640105e+01
3.633830818189558443e+01
2.121061305538664499e+01
5.048646096009432149e+00
-1.088178274303412074e+01
-2.748610793995711532e+01
-4.333562542381420712e+01
-5.831541431589138114e+01
-7.274089807619047576e+01
-8.625817966744774878e+01
-9.828860892972785734e+01
-1.086323941755146905e+02
-1.176398690766649224e+02
-1.245475634798800684e+02
-1.294761072169870886e+02
-1.324548559481255268e+02
-1.329743344349400331e+02
-1.315390747596022436e+02
-1.282961545023763108e+02
-1.230617053651235722e+02
-1.158224307400313364e+02
-1.075101771583053107e+02
-9.770073754900158747e+01
-8.692703332515925752e+01
-7.524944113488405151e+01
-6.312785278747448103e+01
-5.050954372464308051e+01
-3.837743596944153524e+01
-2.590239075018656578e+01
-1.409404646744700251e+01
-2.606830909721179257e+00
7.906875221249973329e+00
1.675790214351196639e+01
2.486904720308552186e+01
3.087711072294331416e+01
3.647217287972822675e+01
4.054469449295304884e+01
4.281154040843991027e+01
4.360977128517838253e+01
4.323199881301481895e+01
4.159149833594019441e+01
3.899996366225788336e+01
3.512790230416099035e+01
3.097573634366881379e+01
2.620579680916379317e+01
2.070074800408027826e+01
1.510388439905731239e+01
9.825451974560369450e+00
4.882048815312933776e+00
1.818588240743046480e-01
-4.004136628260061670e+00
-7.410024440408324864e+00
-9.586583264938241200e+00
-1.131585284505207767e+01
-1.180807705290031961e+01
-1.081322807171572542e+01
-7.444118290993947618e+00
-2.228699323457481007e+00
4.550870911190027179e+00
1.311535709300904529e+01
2.296202476009369420e+01
3.353251235512463069e+01
4.496397302975114485e+01
5.614301122676115341e+01
6.698577704080689443e+01
7.698764651658240155e+01
8.627391634568925838e+01
9.352552835632985762e+01
9.896902273840150599e+01
1.019996548156987757e+02
1.025794674390688073e+02
1.004550655600819198e+02
9.548965180502510464e+01
8.800811020738078128e+01
7.785120188794691387e+01
6.433508524527647410e+01
4.860141395234936113e+01
3.058764831379455273e+01
1.088550722836254536e+01
-1.073948895492275746e+01
-3.356960894798710626e+01
-5.717811762542881127e+01
-8.103355963986827248e+01
-1.050798729012662847e+02
-1.279820286657905797e+02
-1.496839301162833920e+02
-1.698234128609964841e+02
-1.878720319587149845e+02
-2.032582497282100462e+02
-2.157073553018572341e+02
-2.252157556290184459e+02
-2.308307689179517581e+02
-2.327591215195703853e+02
-2.313258805629092194e+02
-2.262003894021622443e+02
-2.172153666466404047e+02
-2.043558288197193065e+02
-1.886172726475717241e+02
-1.695137202962623633e+02
-1.480076987315918302e+02
-1.243227241768711337e+02
-9.877327906743802544e+01
-7.140661546386844805e+01
-4.356699217435628668e+01
-1.510166548371787343e+01
1.295298623831065754e+01
4.009484896528238096e+01
6.642591895381202960e+01
9.061794636786201806e+01
1.131857539813252203e+02
1.329259112569786794e+02
1.499723462986053732e+02
1.640629698599392157e+02
1.747880462873720262e+02
1.820178484431234551e+02
1.858422621481828116e+02
1.860592751244897158e+02
1.831679852432368989e+02
1.767556487179308249e+02
1.677722033582373626e+02
1.557327059225842447e+02
1.414098662056934472e+02
1.251063602365429830e+02
1.071409645339440857e+02
8.813813447929193501e+01
6.818295501595869723e+01
4.802051795374716647e+01
2.798446830395743135e+01
8.324828712564091404e+00
-1.013375156247928111e+01
-2.783400451099770478e+01
-4.392561198820416024e+01
-5.799311578185491811e+01
-6.999998738431298761e+01
-8.014618733750594970e+01
-8.776571913059619590e+01
-9.348462922971586408e+01
-9.657621754710949347e+01
-9.773379655377105735e+01
-9.692554711338837592e+01
-9.431592385827080705e+01
-9.007873305442100786e+01
-8.449579804817021511e+01
-7.772078429262398913e+01
-7.019811288183134934e+01
-6.185223110141583192e+01
-5.357433839936831532e+01
-4.581870898319733243e+01
-3.780361816127098962e+01
-3.089344779221011095e+01
-2.479670490903955127e+01
-1.969714748942351434e+01
-1.607445822189935214e+01
-1.381707494129961233e+01
-1.287227896733119614e+01
-1.340529995455036527e+01
-1.550426495361238111e+01
-1.894871118073265848e+01
-2.369445043941470530e+01
-2.932933667627050767e+01
-3.576067111794193920e+01
-4.291905203321547901e+01
-5.055465276998975099e+01
-5.805459866274060943e+01
-6.557178185198910114e+01
-7.202043913507006323e+01
-7.814226810563147296e+01
-8.377978739537113029e+01
-8.720767177406057158e+01
-8.953808232821798185e+01
-9.046634189865295639e+01
-8.885030311705102690e+01
-8.598212938738167566e+01
-8.112525525711217256e+01
-7.368873244305153491e+01
-6.510632143541754147e+01
-5.444791356361535861e+01
-4.172081714525547369e+01
-2.846373327194014990e+01
-1.356821809117802680e+01
2.397302288707003903e+00
1.850060736097272240e+01
3.483877815609961459e+01
5.161710956935774419e+01
6.767873295466127104e+01
8.295853775537239017e+01
9.740740538864474729e+01
1.101254095315544816e+02
1.211364964274433760e+02
1.304023491472439673e+02
1.373011337918464960e+02
1.417016852428300240e+02
1.436703133087922026e+02
1.428275610883910360e+02
1.393976120752479630e+02
1.334081805190059242e+02
1.248073477827704210e+02
1.139166043759729092e+02
1.002858637654620395e+02
8.523171270746195205e+01
6.812340768412143177e+01
4.957218428394622123e+01
3.009902758113735999e+01
9.873497183175080849e+00
-1.054648349450001454e+01
-3.094800182707612279e+01
-5.076153184305928079e+01
-7.036079251306756532e+01
-8.831882283542603318e+01
-1.048843773058582514e+02
-1.197000415204383899e+02
-1.326876122935090336e+02
-1.432371208326108558e+02
-1.513797645677782953e+02
-1.569563666527435828e+02
-1.600587567073021091e+02
-1.609756131197837306e+02
-1.587719216425227273e+02
-1.543173146973456653e+02
-1.479929276647771701e+02
-1.390478574126304636e+02
-1.289716246399845829e+02
-1.167025907095391517e+02
-1.030870092840365970e+02
-8.870932401897655950e+01
-7.382491089047965716e+01
-5.860499911534864736e+01
-4.356532307568580364e+01
-2.860956803326881115e+01
-1.414543440860890122e+01
-9.531426812351875277e-01
1.175557264011870551e+01
2.232388218263804802e+01
3.197710871747538164e+01
3.973444284831410300e+01
4.619500571467170857e+01
5.046514621666157296e+01
5.330035905953243258e+01
5.418129708867178351e+01
5.335197885263356454e+01
5.170669613438566614e+01
4.825911218226138999e+01
4.377171983169905900e+01
3.860900514834533226e+01
3.251789545092601230e+01
2.601560915016127851e+01
1.974238181153051030e+01
1.339107476301136757e+01
7.519336549841507455e+00
1.566744452762713902e+00
-2.585082270696000162e+00
-6.624355001627840522e+00
-9.371980559924322662e+00
-1.112029363182084296e+01
-1.182447856503561567e+01
-1.153205572024931058e+01
-9.763872185582457064e+00
-6.728599215219416507e+00
-3.359657710194135838e+00
1.167172637169525018e+00
6.467543578215168232e+00
1.214918387210895467e+01
1.824665436395986973e+01
2.419881882709899301e+01
3.004653134188243158e+01
3.607610632306419518e+01
4.116888971041930745e+01
4.542015542006860329e+01
4.839682058546889465e+01
5.036714195046963027e+01
5.112074035386473270e+01
5.002610576228762795e+01
4.800920928256727649e+01
4.372974237990868573e+01
3.782007183824939744e+01
3.061339952298999378e+01
2.237233226593550484e+01
1.192386627233635821e+01
8.564496484045114322e-01
-1.164224999072529698e+01
-2.485087909037457976e+01
-3.866983726911126240e+01
-5.238340850779194824e+01
