-9.501209032947610922e+01
-2.019216895584293781e+01
-6.352271195342755306e+00
6.410768245571066615e+00
1.786732258014726327e+01
2.795405065850793846e+01
3.650421964293710886e+01
4.342798864085991539e+01
4.855660574413955999e+01
5.194797923407731588e+01
5.363294277785137609e+01
5.370660484139789048e+01
5.228513184939427560e+01
4.953131377236268662e+01
4.559598413423632479e+01
4.071734901885334068e+01
3.512372327663145199e+01
2.900027820018131308e+01
2.259269187457039862e+01
1.615085432765453533e+01
9.942278732414928655e+00
4.162775944182342869e+00
-9.094349564908205119e-01
-5.152432732940647853e+00
-8.479485932089071198e+00
-1.079771084687629035e+01
-1.200361633238645354e+01
-1.203087401557953129e+01
-1.083086635824528265e+01
-8.514210249169103406e+00
-5.175601128330627354e+00
-8.884142098272305166e-01
4.152110963240346564e+00
9.759167285598440600e+00
1.570158602037226281e+01
2.178971075652428979e+01
2.784827336859144609e+01
3.369888756162509935e+01
3.907217362898921209e+01
4.365109710729787196e+01
4.723236099362041784e+01
4.962287267496417087e+01
5.074471051584146153e+01
5.054368921806731407e+01
4.881573384756632095e+01
4.545507484214320471e+01
4.050792322839964754e+01
3.398104430860783509e+01
2.583401142447853260e+01
1.625107285616824271e+01
5.357430229790141496e+00
-6.567380100623387840e+00
-1.937546550616316310e+01
-3.289260158098086606e+01
-4.685749833162128652e+01
-6.084821940337437951e+01
-7.460475528773974929e+01
-8.787107299648552328e+01
-1.003469843054360950e+02
-1.118322310432040183e+02
-1.219695591421589285e+02
-1.305483789942076669e+02
-1.373328001450623788e+02
-1.420952725652564084e+02
-1.446874619626726144e+02
-1.450410273354617061e+02
-1.432384352540965438e+02
-1.392134838737886184e+02
-1.329360502547776264e+02
-1.245444888355967663e+02
-1.141238993794741390e+02
-1.018395013396701216e+02
-8.783810334934135255e+01
-7.259814424562614477e+01
-5.631285832998431573e+01
-3.922370452388037876e+01
-2.167876588303617069e+01
-3.924378692481342412e+00
1.353230687616952466e+01
3.047267067119786432e+01
4.660309378821151682e+01
6.163397006799495870e+01
7.525499987403392765e+01
8.729114310483222994e+01
9.745799667921819776e+01
1.055642863857012799e+02
1.115094847905499904e+02
1.152858221910736205e+02
1.168512379658536133e+02
1.161722263595060411e+02
1.133017364064735659e+02
1.083893940041985786e+02
1.016087081409679911e+02
9.320802085016582339e+01
8.334837983501610381e+01
7.223028158693939815e+01
6.001032052033814779e+01
4.707304164184723305e+01
3.371511063818752518e+01
2.023774117216316881e+01
6.879516862344956962e+00
-6.073290191288500672e+00
-1.835152987214553733e+01
-2.974653105452863500e+01
-4.003262448376702309e+01
-4.899333979024450514e+01
-5.650372959220191404e+01
-6.256357585509537955e+01
-6.714401811190951719e+01
-7.024264963916296267e+01
-7.190512674903364143e+01
-7.208791789029423569e+01
-7.091131436494005413e+01
-6.852022341686733853e+01
-6.501363548860379638e+01
-6.063702453145444338e+01
-5.555899487570992079e+01
-5.002312034284918951e+01
-4.429091249358491922e+01
-3.858721339972744602e+01
-3.306633792745227396e+01
-2.794222511617787674e+01
-2.338244981772115949e+01
-1.953583846484069753e+01
-1.652173275984835499e+01
-1.440597674605672651e+01
-1.333822269626464241e+01
-1.327400617446994247e+01
-1.424444927847545372e+01
-1.626838164895002947e+01
-1.930131453594155388e+01
-2.321481757778761690e+01
-2.787054334489690888e+01
-3.305795157566254971e+01
-3.860845729482404209e+01
-4.425315277938440772e+01
-4.980413375792491593e+01
-5.505525441708004308e+01
-5.991457149573907515e+01
-6.415610287755428942e+01
-6.754665769136299502e+01
-6.989842389062505390e+01
-7.108827467359222396e+01
-7.096092722183588819e+01
-6.940990350763776462e+01
-6.633958414810494730e+01
-6.175766767064410345e+01
-5.568224514184264251e+01
-4.811764331088609481e+01
-3.927347291331432189e+01
-2.925948082217889734e+01
-1.825423789928796836e+01
-6.356683557503119530e+00
6.138032174189711476e+00
1.895868872365429780e+01
3.193616126616328188e+01
4.478632031992923856e+01
5.720944767777957907e+01
6.891936842353412374e+01
7.968215097854071871e+01
8.924166391133483955e+01
9.729397325536764640e+01
1.036194846049275213e+02
1.081113863613842483e+02
1.105768933305578656e+02
1.110259767910128517e+02
1.094034426753252944e+02
1.056623714913705925e+02
9.989282514674856372e+01
9.215041073483961043e+01
8.244871706514996390e+01
7.094643488765410666e+01
5.790324963403455882e+01
4.361356771689005285e+01
2.833324646158744642e+01
1.226582388811551994e+01
-4.237660635172449730e+00
-2.083370500057519692e+01
-3.729849258629545972e+01
-5.334966141086853497e+01
-6.863716211024930658e+01
-8.288592252772460256e+01
-9.577201510995048750e+01
-1.070356155509045664e+02
-1.166437577778977754e+02
-1.244222324168105871e+02
-1.302414511094320630e+02
-1.338910018889727951e+02
-1.353894984949657498e+02
-1.347972862526248718e+02
-1.322283285015796537e+02
-1.277420249503023086e+02
-1.214089127108827455e+02
-1.134428378451400050e+02
-1.039523900770684293e+02
-9.327570407156915167e+01
-8.174112522510277756e+01
-6.955560096051105745e+01
-5.692787575728448246e+01
-4.406843524264868250e+01
-3.136564189312831630e+01
-1.904263213540682997e+01
-7.289156160093393844e+00
3.574269943727573118e+00
1.333840424526013280e+01
2.192446751095443247e+01
2.919800965989916008e+01
3.512101798948560116e+01
3.960572206268345496e+01
4.259288024542124163e+01
4.409395049638734321e+01
4.422623156865297744e+01
4.310956679926552226e+01
4.084444910671063411e+01
3.760499472115464670e+01
3.352606943510586746e+01
2.871941771869646232e+01
2.342616534622469615e+01
1.787653275218314874e+01
1.230211879253842078e+01
6.873259227965084150e+00
1.844189611819682550e+00
-2.552534296465183594e+00
-6.223420477201760725e+00
-9.132750947608339942e+00
-1.115578359063569280e+01
-1.218075268606878581e+01
-1.216577693697261786e+01
-1.106491056436760800e+01
-9.011173241083319851e+00
-6.063604222610063488e+00
-2.297096949318236270e+00
2.130893797719243921e+00
7.038507602126095719e+00
1.230936937028817546e+01
1.775091428743206379e+01
2.315414248738134972e+01
2.838807709157779158e+01
3.320409524643849153e+01
3.737557787435191159e+01
4.067820503560536594e+01
4.293765727396010590e+01
4.408015541971060713e+01
4.391270879070965094e+01
4.238556638940579546e+01
3.943802451039432810e+01
3.502872490791247628e+01
2.915464638440030853e+01
2.187434117998024519e+01
1.326424404952777358e+01
3.532394422621591534e+00
-7.132846677479426134e+00
-1.867712929299335656e+01
-3.091141603351992373e+01
-4.357187920208275500e+01
-5.626410892259856666e+01
-6.865872469953031043e+01
-8.066053647848919184e+01
-9.201040141938541694e+01
-1.024742076170407756e+02
-1.116649153226594962e+02
-1.194712855288172477e+02
-1.256752539405511300e+02
-1.302040663314551523e+02
-1.328064941501107512e+02
-1.333574627224017775e+02
-1.317910502331509690e+02
-1.282504393043241748e+02
-1.226673369263534994e+02
-1.150631210233695043e+02
-1.055359995715810584e+02
-9.432567122432902806e+01
-8.165910718319474881e+01
-6.771066276248292581e+01
-5.276172858717848158e+01
-3.710436721543968019e+01
-2.096190589703059715e+01
-4.610257448560603599e+00
1.149479783040421843e+01
2.713320245450765356e+01
4.198844351374646777e+01
5.588425989786826875e+01
6.854866443583537716e+01
7.964778614240296406e+01
8.911962658607046706e+01
9.676896693297203456e+01
1.024805145907519659e+02
1.061022051088812646e+02
1.076322195336254453e+02
1.070526169333968483e+02
1.044493053229994786e+02
1.000335327939448007e+02
9.385571458809468481e+01
8.603970678767313984e+01
7.680048849009483547e+01
6.637581689517533334e+01
5.503742584867290333e+01
4.302995337765884898e+01
3.060083289917340821e+01
1.802223522065468586e+01
5.598374376129557461e+00
-6.443160554515372063e+00
-1.786913696405698104e+01
-2.853833288411552971e+01
-3.826701763145793933e+01
-4.671451224066311170e+01
-5.389100086543127333e+01
-5.968040758491670772e+01
-6.403259496284077557e+01
-6.692057997434052652e+01
-6.836392731283716273e+01
-6.854402112148285653e+01
-6.744642465315703816e+01
-6.525055048892814114e+01
-6.199695613863831767e+01
-5.792652779711845312e+01
-5.317050700044945444e+01
-4.799763660015854327e+01
-4.259158164182950657e+01
-3.724707849287332806e+01
-3.212529286664967998e+01
-2.729191316031912606e+01
-2.289306755495076118e+01
-1.909910470953991179e+01
-1.617260698697232257e+01
-1.414389487557460079e+01
-1.316187447502280605e+01
-1.348166772895633336e+01
-1.581218737787034101e+01
-2.021442589815382718e+01
-2.654748766013974048e+01
-3.456821301063756380e+01
-4.394088945189934492e+01
-5.431049640515982446e+01
-6.533024015812755181e+01
-7.657625366747988949e+01
-8.770856282860368935e+01
-9.817223811780263532e+01
-1.076134773249461745e+02
-1.156320061718788708e+02
-1.218925655914340638e+02
-1.260953002231461682e+02
-1.279136775344217796e+02
-1.270832195677233329e+02
-1.234422707309444718e+02
-1.169433829810205197e+02
-1.076016699844459197e+02
-9.543604956692288965e+01
-8.070625693036586767e+01
-6.360523794560998567e+01
-4.437388506370722041e+01
-2.334686462315756827e+01
-9.315719103234226806e-01
2.237782454239081886e+01
4.616089481269226269e+01
6.996525339588470160e+01
9.329954163668095646e+01
1.156131301847254917e+02
1.364426295859298648e+02
1.553460250345963232e+02
1.717921677432821070e+02
1.855090931452371592e+02
1.961565533245913002e+02
2.034401802119639626e+02
2.071261767797415985e+02
2.070395450976184293e+02
2.032064767822771216e+02
1.957681018004760460e+02
1.847565447175168174e+02
1.703373782529615710e+02
1.527150201371152320e+02
1.321927634870914972e+02
1.092187463015729776e+02
8.423849853654382969e+01
5.766645870332411761e+01
2.998646604240511238e+01
1.783048778220276631e+00
-2.644910263660121785e+01
-5.418443410218040412e+01
-8.091213050239444726e+01
-1.061566962139273329e+02
-1.294554829253102355e+02
-1.503952895914960095e+02
-1.686056021592129071e+02
-1.838696654557041370e+02
-1.959260716892516996e+02
-2.046075734890833075e+02
-2.098231750868461347e+02
-2.115288795897734815e+02
-2.098900387739857933e+02
-2.050338016805019663e+02
-1.970691191935000290e+02
-1.862649671473938042e+02
-1.729594833164705108e+02
-1.574701409184261820e+02
-1.401609306859119783e+02
-1.215026522645688374e+02
-1.018933973448663295e+02
-8.176142607554817232e+01
-6.157002888875520341e+01
-4.171287417759146621e+01
-2.260748187985654312e+01
-4.538914150239831358e+00
1.210735737607002704e+01
2.709088993401586976e+01
4.014544436747748080e+01
5.105569602888216707e+01
5.979074809855464423e+01
6.631430560397706131e+01
7.059559555670074360e+01
7.265206300308535958e+01
7.259133248348055645e+01
7.060457825697021406e+01
6.690834413034949080e+01
6.167207892177755468e+01
5.523909419933127651e+01
4.796098128856381493e+01
4.015163006250003264e+01
3.205993940235565987e+01
2.383300452237820366e+01
1.586250205106656530e+01
8.473211038575117371e+00
2.006617147207842677e+00
-3.329575190156496056e+00
-7.445410320064829612e+00
-1.025684752547326184e+01
-1.172684183276882308e+01
-1.172413137486235435e+01
-1.022407895977002035e+01
-7.411858141997304195e+00
-3.274336818359123491e+00
1.937155175883400915e+00
8.044832626210448367e+00
1.490231353094454469e+01
2.222787696992886808e+01
2.971987143373927154e+01
3.711051275226487434e+01
4.422095780713357271e+01
5.067639307893470857e+01
5.624705101152448350e+01
6.057217590954093822e+01
6.349046716822628156e+01
6.479151450397094436e+01
6.430945303338624797e+01
6.202483083081066439e+01
5.780256620260000489e+01
5.160945428718558503e+01
4.351585271720443870e+01
3.367611159266417076e+01
2.213951176562631318e+01
9.043152846439422632e+00
-5.351570683860383149e+00
-2.080594182447823570e+01
-3.696190922160894843e+01
-5.345192218142106100e+01
-6.998654013475508862e+01
-8.633370077915772356e+01
-1.021383840311926576e+02
-1.169201085282265637e+02
-1.303752436712935605e+02
-1.422010543903470818e+02
-1.521414517085692353e+02
-1.599297187253085895e+02
-1.653774786669912373e+02
-1.683121520827816937e+02
-1.686528960806546706e+02
-1.663390154733213251e+02
-1.613649404394003852e+02
-1.537851116523782196e+02
-1.437087156763445535e+02
-1.313675884729656786e+02
-1.169514809855715782e+02
-1.006179315166074559e+02
-8.264923342940764428e+01
-6.349488109207360509e+01
-4.353900627341091933e+01
-2.311215064647455364e+01
-2.564350888861657740e+00
1.764515592896112750e+01
3.721336112617845515e+01
5.574224339701707720e+01
7.295359903301297777e+01
8.858351294232606676e+01
1.022903456513542153e+02
1.137885558611530570e+02
1.229195869945600208e+02
1.296554055669317904e+02
1.339280984222314430e+02
1.356109666177960662e+02
1.347316531710808931e+02
1.313328083569195996e+02
1.256468333479568287e+02
1.177284397314227675e+02
1.079021238877392506e+02
9.646407056674189562e+01
8.368496271927855901e+01
6.977493652286112535e+01
5.504585023351707918e+01
3.985176030573107653e+01
2.457433202517245263e+01
