-5.157009803722017693e+01
-7.922861539563220035e+00
-9.502527955009190563e+00
-1.057854519095374002e+01
-1.117569637956591500e+01
-1.164092599195270950e+01
-1.187889434585716231e+01
-1.218063048111860702e+01
-1.241993884127746206e+01
-1.351412373176182413e+01
-1.699090112800041297e+01
-2.317205539781553725e+01
-3.235159712318209557e+01
-4.802942951624454082e+01
-5.315669932448919610e+01
-1.222453749454562377e+01
6.325156256292922308e+01
1.570504434693500571e+02
2.554301299149852298e+02
3.432653031798963639e+02
4.072152992835395935e+02
4.371865671054534346e+02
4.267320335252582595e+02
3.743256566818261604e+02
2.868719881394791287e+02
1.776689626746325814e+02
6.311717761317972020e+01
-3.964997395593448459e+01
-1.154223368340500286e+02
-1.560178665732772743e+02
-1.661039516952773738e+02
-1.501005556676247181e+02
-1.283424388111555743e+02
-1.085085359902716533e+02
-9.020111382663135657e+01
-7.399759870238740689e+01
-5.964935413195184566e+01
-4.723453848966995849e+01
-3.655770717960390215e+01
-2.758549818485888139e+01
-1.996805187904196188e+01
-1.369988570673061012e+01
-8.536006865377807173e+00
-4.420233968891987608e+00
-1.153517943683683766e+00
1.292927181137654147e+00
3.134052784809932213e+00
4.597264935053269497e+00
5.860067859834805049e+00
7.053529365290149400e+00
8.273900602014361283e+00
9.530666045076859660e+00
1.091392380050319844e+01
1.238551069032527074e+01
1.391926563016462381e+01
1.555353263164697175e+01
1.723285146065172313e+01
1.894105507062184302e+01
2.065224556339443396e+01
2.239374705039961455e+01
2.423041256818126499e+01
2.623620736247852037e+01
2.826008087727487350e+01
3.026008294011310440e+01
3.228709758414022701e+01
3.428929839734043838e+01
3.637060911748906022e+01
3.858231979474778228e+01
4.090558823048664294e+01
4.331709265666803077e+01
4.587624092165337686e+01
4.846070465220117995e+01
5.116096600268249261e+01
5.392465383608082874e+01
5.676591613991687524e+01
5.973706840298093113e+01
6.276664233807063198e+01
6.586957632704211107e+01
6.906258171770744525e+01
7.232574870161759861e+01
7.562524672798443248e+01
7.896417779223274636e+01
8.241632468016767632e+01
8.589650959930453666e+01
8.947190675337218124e+01
9.306878594092469825e+01
9.671176763903724805e+01
1.003763247264606946e+02
1.040393279414179233e+02
1.076687435892811777e+02
1.111563885873047184e+02
1.144355317377878265e+02
1.174312225377301786e+02
1.200483620152896975e+02
1.220870240152977146e+02
1.234735162557808508e+02
1.240437653007809615e+02
1.236973104851633281e+02
1.222827942692289440e+02
1.196892414555849768e+02
1.158663226539246978e+02
1.108784552705479172e+02
1.048525095762967538e+02
9.797431372092374602e+01
9.039429201899345401e+01
8.228740788556581265e+01
7.393210579642305902e+01
6.562543661757901248e+01
5.743582710766775534e+01
4.950127390374661474e+01
4.210026742385733201e+01
3.528757367773850717e+01
2.903887841927669200e+01
2.333588417484263999e+01
1.816991509916950065e+01
1.353286892111529838e+01
9.357264653756949713e+00
5.605850715951318897e+00
2.341771132755640750e+00
-5.209219630263439704e-01
-3.001180417013669999e+00
-5.145865092623594705e+00
-6.944899387603934215e+00
-8.433682166838362804e+00
-9.623754967291096918e+00
-1.046575797718490541e+01
-1.110976415121991145e+01
-1.162729770828089571e+01
-1.199269487542355073e+01
-1.218924409296294087e+01
-1.218539075362273039e+01
-1.193268290924869568e+01
-1.092609037564739793e+01
-9.812436957981711672e+00
-8.574129324844014022e+00
-7.108368550779312400e+00
-5.616097254006873207e+00
-4.296430274252313275e+00
-3.373862506891511792e+00
-3.029555396871749906e+00
-3.278733766850598474e+00
-4.123933682688315727e+00
-5.370645483243865037e+00
-6.801006038220158700e+00
-8.237677462426866271e+00
-9.428727156994170855e+00
-1.044389176686767939e+01
-1.150494999510721428e+01
-1.187599097304254059e+01
-1.194062223045613180e+01
-1.203554264192000467e+01
-1.209663435212945437e+01
-1.214513124008256106e+01
-1.217412836506196250e+01
-1.218287913019929292e+01
-1.218433851589205474e+01
-1.217770604361145814e+01
-1.212587488454864371e+01
-1.218335325863090191e+01
-1.224054002111905426e+01
-1.229502201830483088e+01
-1.228508887108569070e+01
-1.228164834582918452e+01
-1.226108706290361638e+01
-1.221902098723625585e+01
-1.218304761776860090e+01
-1.218461077245600244e+01
-1.221054247866287668e+01
-1.225175953128746187e+01
-1.229151132022485449e+01
-1.229038869779789600e+01
-1.229375996930553683e+01
-1.230073621379379212e+01
-1.229957680284171140e+01
-1.225506020622600367e+01
-1.212835425462115424e+01
-1.208584155682610906e+01
-1.211912914917940221e+01
-1.217222710428851506e+01
-1.221510994964771868e+01
-1.222740047386199969e+01
-1.225166504451401650e+01
-1.231805792425590695e+01
-1.231802432808474101e+01
-1.233187800698642889e+01
-1.237128715466358564e+01
-1.237673724486236893e+01
-1.239592775087418808e+01
-1.234361814007838376e+01
-1.232983122977340606e+01
-1.229763741072290806e+01
-1.229515350547620933e+01
-1.229052606296369632e+01
-1.224716299930564212e+01
-1.219002407412966527e+01
-1.212570660885214835e+01
-1.209469042483645929e+01
-1.198889314446441645e+01
-1.184430614941359039e+01
-1.164929144931025462e+01
-1.128740972729458036e+01
-1.070448257702106254e+01
-9.770521724515884188e+00
-8.274726619469877420e+00
-6.111237748088487187e+00
-3.114858628241004457e+00
8.222358094696208264e-01
5.693854967843477333e+00
1.138098823032841445e+01
1.762746426754864970e+01
2.419195845933839095e+01
3.062068022071468931e+01
3.619474984453479038e+01
4.038903406779036942e+01
4.269926885867479882e+01
4.290035408443586817e+01
4.094298558152262757e+01
3.696364424587152797e+01
3.150265592118202207e+01
2.508734313811491390e+01
1.839205418734126951e+01
1.196553004537952170e+01
6.208364755285969316e+00
1.363266177330828333e+00
-2.591340654051173420e+00
-5.642030669876117344e+00
-7.969519400165392398e+00
-9.592546193628942675e+00
-1.068681651563634105e+01
-1.130131805196197980e+01
-1.171322394716765025e+01
-1.193886818068665789e+01
-1.222372469243947890e+01
-1.239931666774961450e+01
-1.335964612752455416e+01
-1.676131892930389711e+01
-2.295550423033443366e+01
-3.220577105026170273e+01
-4.796174460743177548e+01
-5.315003212509000718e+01
-1.231974972947640978e+01
6.315731282600265217e+01
1.570475078280865375e+02
2.555083647752785794e+02
3.433342761462227486e+02
4.072678191293496184e+02
4.371831637924676670e+02
4.267899719985039724e+02
3.744720143695537331e+02
2.872008778371948665e+02
1.779527624134805137e+02
6.331071776737466905e+01
-3.954392206436627788e+01
-1.153694308898724188e+02
-1.559302700064817202e+02
-1.660069152528516554e+02
-1.499975244099994711e+02
-1.282275304790181565e+02
-1.084253949741925425e+02
-9.022704553283823259e+01
-7.407297080636358544e+01
-5.967586848263196941e+01
-4.719721311960376653e+01
-3.651904441692230563e+01
-2.751528535007513554e+01
-1.991257513050102546e+01
-1.363695837339699501e+01
-8.486965464296803319e+00
-4.397526674932948687e+00
-1.121623887501063788e+00
1.362394761873270133e+00
3.300848631438223268e+00
4.798197608950435900e+00
6.091453428304559381e+00
7.191431855933672068e+00
8.328039957939905591e+00
9.489454870446701662e+00
1.087995546080362530e+01
1.241389745265468392e+01
1.405417216765729194e+01
1.569644695350817720e+01
1.737181320935226481e+01
1.906456298533536753e+01
2.080253895440459999e+01
2.260871096111615941e+01
2.442018662251230765e+01
2.627614279920084073e+01
2.817289258938881957e+01
3.012953293138923527e+01
3.217434908043169628e+01
3.431090717094967601e+01
3.653947924763429000e+01
3.887412107312771070e+01
4.117616171973573813e+01
4.357056906657959416e+01
4.604337806672166522e+01
4.858574346825118084e+01
5.126459925981114907e+01
5.404945399173802656e+01
5.685356033215182237e+01
