-1.364346049999999977e+01
1.433810860000000176e+01
4.096456500000000034e+01
6.735585240000001761e+01
9.296819080000001634e+01
1.173814892000000043e+02
1.398942240000000083e+02
1.594923418999999853e+02
1.765266686999999877e+02
1.906276164999999878e+02
2.006467125999999723e+02
2.090704509999999914e+02
2.159042932999999778e+02
2.184531133000000409e+02
2.175491906999999969e+02
2.148351097000000323e+02
2.076297520999999904e+02
1.950842607000000157e+02
1.788792576999999824e+02
1.612762204999999938e+02
1.422856864000000030e+02
1.201512138999999877e+02
9.718118450000000053e+01
7.368549479999998653e+01
4.812642280000000028e+01
2.300581860000000134e+01
-1.661346400000000445e+00
-2.809337069999999770e+01
-5.527928510000000273e+01
-8.256273659999999381e+01
-1.080671288000000061e+02
-1.295865640999999755e+02
-1.485310281000000145e+02
-1.659600658999999894e+02
-1.807569464999999980e+02
-1.919207887000000028e+02
-2.006727354999999875e+02
-2.076927209999999775e+02
-2.103757669999999962e+02
-2.083182318000000066e+02
-2.051262310000000184e+02
-1.994600733999999989e+02
-1.876313328999999896e+02
-1.723272969999999873e+02
-1.550249033999999995e+02
-1.338852079999999773e+02
-1.111817678999999970e+02
-8.871548830000000407e+01
-6.572952449999999658e+01
-4.117409659999999860e+01
