7.645943407261262870e+00
7.142284055469327875e+00
7.311368291495387695e+00
8.065856180502608552e+00
8.747885116998864063e+00
7.912741201946865033e+00
7.105796170007169010e+00
6.767743969812421767e+00
6.733327240381338896e+00
7.576795409854306662e+00
7.823386590845521127e+00
7.519851702677903482e+00
7.536149973136328839e+00
7.874878992735663275e+00
8.089206504675797049e+00
7.764806648803030953e+00
7.094296033288885361e+00
6.990845957352084916e+00
7.773113826338905241e+00
7.757696377945533683e+00
7.198344845554331073e+00
7.254826077864666267e+00
7.703750960969289352e+00
8.564626554028512473e+00
8.689527965273866172e+00
7.861291677479507634e+00
7.161979180649684196e+00
6.522827735359267187e+00
6.895455958593764478e+00
7.890453178505121734e+00
7.944124194765790570e+00
7.381240093990122375e+00
7.247386441436431070e+00
7.664565979470324919e+00
8.405581793789247413e+00
8.094361512903557099e+00
7.115576273812652452e+00
7.209268187982603493e+00
7.627091827870352780e+00
7.625534746354018623e+00
7.701484047537977773e+00
7.613877098487942696e+00
7.838498206141281344e+00
8.312093258802523366e+00
8.408790274751472893e+00
7.870809687116755882e+00
7.311324513965336003e+00
6.887449793631756023e+00
7.604366191405387276e+00
8.262152512927858794e+00
