-1.200235409999999945e+02
-1.340925550000000044e+02
-1.476751669999999876e+02
-1.601635369999999909e+02
-1.711252370000000269e+02
-1.805544829999999763e+02
-1.884628419999999949e+02
-1.945605280000000050e+02
-1.983829870000000142e+02
-1.998588970000000131e+02
-1.989175780000000202e+02
-1.955616019999999935e+02
-1.898160269999999912e+02
-1.819140930000000083e+02
-1.719502559999999960e+02
-1.596674979999999948e+02
-1.454963210000000231e+02
-1.301332350000000133e+02
-1.136637000000000057e+02
-9.623356900000000280e+01
-7.813584199999999669e+01
-5.968857400000000268e+01
-4.152916300000000405e+01
-2.389984600000000015e+01
-6.875799999999999912e+00
9.378486000000000544e+00
2.427830099999999902e+01
3.753257599999999883e+01
4.920106799999999936e+01
5.870035099999999773e+01
6.609146599999999694e+01
7.110776100000001065e+01
7.355775800000000686e+01
7.382955200000000673e+01
7.194562999999999420e+01
6.780897000000000219e+01
6.150117399999999890e+01
5.345916700000000077e+01
4.393996599999999830e+01
3.296155999999999864e+01
2.064988900000000172e+01
7.486854000000000120e+00
-6.071342000000000461e+00
-1.991225500000000181e+01
-3.378979199999999850e+01
-4.719570599999999416e+01
-6.011971700000000141e+01
-7.261708299999999383e+01
-8.406068599999998980e+01
-9.411255099999999629e+01
-1.027611140000000063e+02
-1.098611590000000007e+02
-1.152276369999999872e+02
-1.191156349999999975e+02
-1.216890000000000072e+02
-1.226997130000000027e+02
-1.220552470000000085e+02
-1.199959119999999899e+02
-1.168346250000000026e+02
-1.127744270000000029e+02
-1.080620530000000059e+02
-1.028697030000000012e+02
-9.732074400000000480e+01
-9.164777499999999577e+01
-8.617463599999999246e+01
-8.093216800000000433e+01
-7.603538499999999090e+01
-7.167062400000000366e+01
-6.813409400000000460e+01
-6.538788700000000631e+01
-6.362861799999999590e+01
-6.276633099999999388e+01
-6.291090300000000468e+01
-6.423902900000000216e+01
-6.682909999999999684e+01
-7.050056200000000217e+01
-7.507993100000000197e+01
-8.039629099999999085e+01
-8.624595800000000168e+01
-9.226204200000000810e+01
-9.787461199999999906e+01
-1.030997310000000056e+02
-1.081025329999999940e+02
-1.126639100000000013e+02
-1.164137630000000030e+02
-1.192479979999999955e+02
-1.210715210000000042e+02
-1.215212980000000016e+02
-1.204264129999999966e+02
-1.176223770000000002e+02
-1.131997870000000006e+02
-1.071914139999999946e+02
-9.984206299999999601e+01
-9.144473299999999938e+01
-8.192360399999999743e+01
-7.098246599999998807e+01
-5.892266899999999907e+01
-4.627687699999999893e+01
-3.311127199999999959e+01
-1.966294999999999860e+01
-6.197280000000000122e+00
6.965754999999999697e+00
1.963853399999999993e+01
3.130959500000000162e+01
4.166345400000000154e+01
5.075215500000000191e+01
5.817025700000000654e+01
6.369158599999999382e+01
6.716321899999999800e+01
6.836476599999998882e+01
6.726088500000000181e+01
6.393832100000000906e+01
5.881729200000000191e+01
5.173138300000000100e+01
4.234647200000000566e+01
3.097868800000000178e+01
1.798078499999999735e+01
3.602711000000000219e+00
-1.197433900000000051e+01
-2.846186600000000055e+01
-4.543579499999999882e+01
-6.254465600000000336e+01
-7.978459499999999593e+01
-9.662487500000000296e+01
-1.125996570000000077e+02
-1.277301429999999840e+02
-1.418325689999999781e+02
-1.544719350000000020e+02
-1.653398239999999930e+02
-1.742396190000000047e+02
-1.809059510000000159e+02
-1.857005699999999990e+02
-1.884943260000000009e+02
-1.889897229999999979e+02
-1.874232149999999990e+02
-1.837568929999999909e+02
-1.779958959999999877e+02
-1.703805350000000089e+02
-1.609673520000000053e+02
-1.502517449999999997e+02
-1.387085489999999766e+02
-1.264103700000000003e+02
-1.132968099999999936e+02
-9.991531300000001181e+01
-8.666617800000000216e+01
-7.376401300000000560e+01
-6.136881100000000089e+01
-4.988537099999999924e+01
-3.931433400000000233e+01
-2.971481600000000256e+01
-2.136246300000000176e+01
-1.454706200000000038e+01
-9.318086999999998454e+00
-5.545745999999999398e+00
-3.128517999999999688e+00
-2.020782000000000078e+00
-2.491763000000000172e+00
-4.343556999999999668e+00
-7.204778999999999378e+00
-1.094242299999999979e+01
-1.554428099999999979e+01
-2.100071399999999855e+01
-2.685295100000000090e+01
-3.280285399999999640e+01
-3.861075499999999749e+01
-4.369130400000000236e+01
-4.800401899999999955e+01
-5.166712899999999564e+01
-5.476416199999999890e+01
-5.719359899999999897e+01
-5.866179800000000455e+01
-5.896764600000000200e+01
-5.825442900000000179e+01
-5.634480599999999839e+01
-5.349000900000000058e+01
-4.998110900000000356e+01
-4.589777899999999988e+01
-4.125672699999999793e+01
-3.630211600000000516e+01
-3.112582899999999952e+01
-2.560000199999999992e+01
-1.984800100000000000e+01
-1.461452799999999996e+01
-1.025233700000000070e+01
-6.774278999999999940e+00
-4.170715000000000394e+00
-2.436503999999999781e+00
-1.964239000000000068e+00
-2.998724999999999863e+00
-5.473781999999999925e+00
-9.512133999999999645e+00
-1.510992500000000049e+01
-2.236160999999999888e+01
-3.106350300000000075e+01
-4.098557600000000178e+01
-5.157396100000000416e+01
-6.291090300000000468e+01
-7.527654800000000535e+01
-8.839267700000000616e+01
-1.017529710000000023e+02
-1.147887840000000068e+02
-1.273632540000000120e+02
-1.393915669999999807e+02
-1.505948599999999828e+02
-1.604751679999999965e+02
-1.689708070000000077e+02
-1.761139019999999960e+02
-1.817823730000000069e+02
-1.856363169999999911e+02
-1.872047520000000134e+02
-1.866168300000000215e+02
-1.837132000000000005e+02
-1.786686339999999973e+02
-1.715216829999999959e+02
-1.622935510000000079e+02
-1.510703379999999925e+02
-1.384560309999999959e+02
-1.247866759999999999e+02
-1.097120900000000034e+02
-9.348736200000000451e+01
-7.672675599999999463e+01
-5.970528000000000191e+01
-4.284058300000000230e+01
-2.638454100000000224e+01
-1.060187800000000102e+01
4.321710999999999636e+00
1.801998000000000033e+01
3.032201400000000291e+01
4.101192000000000348e+01
4.989822099999999949e+01
5.668856399999999951e+01
6.106938800000000356e+01
6.322317600000000937e+01
6.351617299999999489e+01
6.191818100000000413e+01
5.844076499999999896e+01
5.316873999999999967e+01
4.608283000000000129e+01
3.739700099999999594e+01
2.708683500000000066e+01
1.537914899999999996e+01
2.827809999999999935e+00
-9.908580000000000609e+00
-2.268095100000000031e+01
-3.551950500000000233e+01
-4.814473500000000428e+01
-6.027585399999999538e+01
-7.161729300000000364e+01
-8.198528799999999706e+01
-9.133742900000000020e+01
-9.936401499999999487e+01
-1.060374149999999958e+02
-1.111218190000000021e+02
-1.146994710000000026e+02
-1.169348609999999979e+02
-1.178344139999999953e+02
-1.173750000000000000e+02
-1.157905010000000061e+02
-1.129704009999999954e+02
-1.090387109999999922e+02
-1.045403019999999970e+02
-9.976624400000000037e+01
-9.470175899999999558e+01
-8.974457700000000671e+01
-8.485293500000000222e+01
-7.974925500000000511e+01
-7.486982100000000173e+01
-7.061943199999998910e+01
-6.703471199999999897e+01
-6.423324599999999407e+01
-6.272649399999999531e+01
-6.267830400000000424e+01
-6.436560900000000629e+01
-6.805891799999999137e+01
-7.382184100000000626e+01
-8.183686099999999897e+01
-9.144730299999999090e+01
-1.020511089999999967e+02
-1.131059769999999958e+02
-1.244570539999999994e+02
-1.357284569999999917e+02
-1.464350689999999986e+02
-1.562961009999999931e+02
-1.649806450000000098e+02
-1.722863030000000037e+02
-1.775069250000000238e+02
-1.803475860000000068e+02
-1.805731169999999963e+02
-1.780318780000000061e+02
-1.723473440000000210e+02
-1.634096399999999960e+02
-1.514340150000000165e+02
-1.368773150000000101e+02
-1.199316589999999962e+02
-1.006992089999999962e+02
-7.955135300000000598e+01
-5.683570499999999726e+01
-3.287353300000000189e+01
-8.218061999999999756e+00
1.651258599999999888e+01
4.098686099999999755e+01
6.477490499999998974e+01
8.726823600000000170e+01
1.076656069999999943e+02
1.254227890000000087e+02
1.406586519999999894e+02
1.529414089999999931e+02
1.616420170000000098e+02
1.664398490000000095e+02
1.675970599999999990e+02
1.652601489999999842e+02
1.592389249999999947e+02
1.496008539999999982e+02
1.360895629999999983e+02
1.188264929999999993e+02
9.864051700000000267e+01
7.581949199999999678e+01
5.072324000000000410e+01
2.374692200000000142e+01
-4.542101999999999862e+00
-3.363429800000000114e+01
-6.303876799999999747e+01
-9.219586000000001036e+01
-1.203486660000000086e+02
-1.471296529999999905e+02
-1.720691249999999854e+02
-1.948464569999999867e+02
-2.151725070000000244e+02
-2.325358130000000187e+02
-2.464281279999999867e+02
-2.566329179999999610e+02
-2.635498399999999606e+02
-2.670670939999999973e+02
-2.670465329999999540e+02
-2.636552169999999933e+02
-2.569387659999999869e+02
-2.470276169999999922e+02
-2.345488850000000127e+02
-2.197287440000000061e+02
-2.026828519999999969e+02
-1.840171210000000031e+02
-1.640245489999999791e+02
-1.431407759999999882e+02
-1.220096269999999947e+02
-1.012672129999999981e+02
-8.133439699999999561e+01
-6.221760400000000146e+01
-4.429207699999999903e+01
-2.791313900000000103e+01
-1.340976999999999997e+01
-1.092957000000000178e+00
8.910717999999999250e+00
1.658455000000000013e+01
2.210973499999999703e+01
2.551133199999999945e+01
2.660043399999999991e+01
2.571308900000000008e+01
2.288270800000000094e+01
1.814398999999999873e+01
1.200132599999999883e+01
4.891642000000000046e+00
-2.714723000000000219e+00
-1.077279300000000006e+01
-1.942778100000000308e+01
-2.808148399999999967e+01
-3.607208700000000334e+01
-4.299093700000000240e+01
-4.850841199999999986e+01
-5.265920799999999957e+01
-5.550822100000000603e+01
-5.704324499999999887e+01
-5.730732799999999827e+01
-5.631781900000000007e+01
-5.404323500000000280e+01
-5.066155700000000195e+01
-4.605777099999999535e+01
-4.031476599999999877e+01
-3.389709600000000478e+01
-2.704571199999999820e+01
-1.957877799999999979e+01
-1.159974000000000061e+01
-4.014578000000000202e+00
2.816886999999999919e+00
8.788636000000000337e+00
1.365264899999999848e+01
1.715255400000000208e+01
1.902748000000000062e+01
1.896965099999999893e+01
1.688975599999999844e+01
1.304994800000000055e+01
7.268391000000000268e+00
-3.052059999999999773e-01
-9.665699999999999292e+00
-2.092746499999999799e+01
-3.397548599999999652e+01
-4.840624799999999794e+01
-6.376290799999999592e+01
-7.989575399999999661e+01
-9.669748200000000793e+01
-1.138063429999999983e+02
-1.309389780000000201e+02
-1.477195020000000056e+02
-1.636165369999999939e+02
-1.782021510000000148e+02
-1.913696840000000066e+02
-2.027085530000000233e+02
-2.117285030000000177e+02
-2.182348430000000121e+02
-2.222603440000000035e+02
-2.237831590000000119e+02
-2.226246629999999982e+02
-2.186287189999999896e+02
-2.116950909999999908e+02
-2.023230299999999886e+02
-1.908485849999999857e+02
-1.768701700000000017e+02
-1.604276199999999903e+02
-1.421184980000000166e+02
-1.225095209999999923e+02
-1.021153630000000021e+02
-8.125986199999999826e+01
-5.989868400000000292e+01
-3.855421199999999970e+01
-1.780216000000000065e+01
1.758626999999999940e+00
2.010116099999999761e+01
3.709051000000000187e+01
5.240797500000000042e+01
6.551510899999999538e+01
7.615104200000000390e+01
8.431898599999999533e+01
8.980626099999999212e+01
9.271503100000001041e+01
9.312882499999999197e+01
9.086901899999999443e+01
8.593304200000000037e+01
7.851686700000000485e+01
6.901308699999999874e+01
5.778087899999999877e+01
4.535033699999999612e+01
3.175615900000000025e+01
1.704460699999999918e+01
1.340976999999999864e+00
-1.464729799999999926e+01
-3.052441400000000016e+01
-4.574549800000000488e+01
-6.014734599999999887e+01
-7.361044599999999605e+01
-8.611487999999999943e+01
-9.718388299999999447e+01
-1.066593920000000111e+02
-1.145593980000000016e+02
-1.208299269999999979e+02
-1.254015850000000114e+02
-1.283103549999999871e+02
-1.295440279999999973e+02
-1.290614820000000122e+02
-1.270239940000000018e+02
-1.235632839999999959e+02
-1.188078590000000077e+02
-1.131303929999999980e+02
-1.068213120000000060e+02
-1.003001929999999930e+02
-9.409777299999998945e+01
-8.819349099999999453e+01
-8.229306300000000363e+01
-7.648837399999999320e+01
-7.128253099999999165e+01
-6.714972600000000114e+01
-6.422168000000000632e+01
-6.263782399999999484e+01
-6.227478999999999587e+01
-6.308246000000000464e+01
-6.491240900000001091e+01
-6.776399299999999926e+01
-7.162436099999999328e+01
-7.654363299999999981e+01
-8.238558899999999596e+01
-8.866254299999999944e+01
-9.498511799999999994e+01
-1.012460090000000008e+02
-1.073565459999999945e+02
-1.128444640000000021e+02
-1.177361059999999924e+02
-1.219909930000000031e+02
-1.250263430000000113e+02
-1.267509149999999920e+02
-1.270638309999999933e+02
-1.257511259999999851e+02
-1.227980209999999914e+02
-1.181023529999999937e+02
-1.117515060000000062e+02
-1.036516710000000074e+02
-9.404637000000001024e+01
-8.326779400000000919e+01
-7.129152699999998788e+01
-5.819660100000000114e+01
-4.410252799999999951e+01
-2.969296899999999795e+01
-1.545432600000000001e+01
-1.373104000000000102e+00
1.232195300000000060e+01
2.538475199999999887e+01
3.767200700000000069e+01
4.896397100000000080e+01
5.869006999999999863e+01
6.641273499999999785e+01
7.200345900000000654e+01
7.552392500000000553e+01
7.686747200000000646e+01
7.600390099999999904e+01
7.262415099999999768e+01
6.678605000000000302e+01
5.889504000000000161e+01
4.909569099999999509e+01
3.746960800000000091e+01
2.394739399999999918e+01
8.441023000000001275e+00
-8.343356999999999246e+00
-2.577991199999999949e+01
-4.376776600000000172e+01
-6.198114999999999952e+01
-8.022987400000000946e+01
-9.803910100000000227e+01
-1.152038629999999984e+02
-1.315654529999999909e+02
-1.464607699999999966e+02
-1.596160950000000014e+02
-1.709703849999999932e+02
-1.804022010000000193e+02
-1.879231100000000083e+02
-1.933442029999999932e+02
-1.961206099999999992e+02
-1.960550709999999981e+02
-1.936005759999999896e+02
-1.892505929999999807e+02
-1.832871970000000204e+02
-1.757013930000000244e+02
-1.660633219999999994e+02
-1.545310489999999959e+02
-1.419520810000000210e+02
-1.287498510000000067e+02
-1.149346400000000017e+02
-1.010185500000000047e+02
-8.732028099999999426e+01
-7.395291900000000851e+01
-6.098328799999999461e+01
-4.860350700000000046e+01
-3.735909099999999938e+01
-2.767732700000000179e+01
-1.942007100000000008e+01
-1.239327399999999990e+01
-6.797410000000000174e+00
-2.874715000000000131e+00
-5.982029999999999292e-01
2.685810000000000142e-01
-1.844079999999999886e-01
-1.932755000000000001e+00
-4.752211999999999215e+00
-8.511058999999999486e+00
-1.311420200000000058e+01
-1.832968400000000031e+01
-2.419348600000000005e+01
-3.042096500000000248e+01
-3.660346600000000450e+01
-4.216142099999999715e+01
-4.688921599999999756e+01
-5.090122300000000166e+01
-5.443903800000000359e+01
-5.696613999999999578e+01
-5.822937000000000296e+01
-5.845875600000000105e+01
-5.759903999999999513e+01
-5.561167000000000371e+01
-5.266049300000000244e+01
-4.901151900000000694e+01
-4.482345600000000019e+01
-4.017983299999999502e+01
-3.499133799999999894e+01
-2.949763799999999847e+01
-2.423782100000000028e+01
-1.910522699999999929e+01
-1.396941999999999950e+01
-9.056573999999999458e+00
-4.898709999999999454e+00
-1.765695000000000014e+00
1.015210000000000001e-01
5.493700000000000250e-01
-4.651980000000000004e-01
-3.100889000000000006e+00
-7.279955999999999428e+00
-1.313669100000000078e+01
-2.065502899999999897e+01
-2.961907700000000077e+01
-3.989454600000000539e+01
-5.116594900000000479e+01
-6.314671400000001000e+01
-7.567427899999999852e+01
-8.876792000000000371e+01
-1.022175260000000065e+02
-1.156607079999999996e+02
-1.290274269999999888e+02
-1.417651020000000130e+02
-1.533911860000000047e+02
-1.636448090000000093e+02
-1.725356079999999963e+02
-1.799344340000000102e+02
-1.856234659999999792e+02
-1.891677059999999813e+02
-1.904932619999999872e+02
-1.894709840000000156e+02
-1.863861579999999947e+02
-1.811668219999999963e+02
-1.738913629999999841e+02
-1.643920799999999929e+02
-1.528707300000000089e+02
-1.397635959999999784e+02
-1.252788599999999946e+02
-1.097988330000000019e+02
-9.361586900000000355e+01
-7.663680100000000550e+01
-5.918096899999999749e+01
-4.186328300000000269e+01
-2.490220499999999859e+01
-8.778997999999999635e+00
6.152944999999999887e+00
2.001955900000000099e+01
3.286068200000000417e+01
4.411473600000000062e+01
5.308521000000000356e+01
5.934995700000000340e+01
6.339473399999999259e+01
6.570722800000000063e+01
6.619427199999999800e+01
6.475755699999999138e+01
6.120817699999999917e+01
5.566757100000000236e+01
4.815694299999999828e+01
3.917683099999999996e+01
2.886088300000000118e+01
1.709022799999999975e+01
4.374399000000000370e+00
-8.796345999999999776e+00
-2.206861299999999915e+01
-3.527662499999999568e+01
-4.801687000000000438e+01
-6.010750900000000030e+01
-7.142131899999999689e+01
-8.194416499999999814e+01
-9.137276900000000524e+01
-9.944433200000000284e+01
-1.063047109999999975e+02
-1.117412259999999975e+02
-1.156902649999999966e+02
-1.181878099999999989e+02
-1.190860780000000005e+02
-1.185559840000000094e+02
-1.168526160000000118e+02
-1.139901090000000039e+02
-1.101072510000000051e+02
-1.053254829999999913e+02
-1.001273500000000070e+02
-9.473067299999999591e+01
-8.938347100000000012e+01
-8.400799800000000062e+01
-7.881114999999999782e+01
-7.390023099999999090e+01
-6.953803999999999519e+01
-6.611973799999999812e+01
-6.376676300000000452e+01
-6.249646500000000060e+01
-6.200428099999999887e+01
-6.243156899999999609e+01
-6.386571400000000409e+01
-6.645964000000000738e+01
-6.997882099999999639e+01
-7.443674999999998931e+01
-7.966122699999999668e+01
-8.546591600000000710e+01
-9.136827100000000712e+01
-9.714468800000000215e+01
-1.026917200000000037e+02
-1.075872169999999954e+02
-1.116493430000000018e+02
-1.147971369999999922e+02
-1.171070610000000016e+02
-1.184390429999999981e+02
-1.186086729999999960e+02
-1.174193350000000038e+02
-1.149596990000000005e+02
-1.108474549999999965e+02
-1.052072560000000010e+02
-9.826784500000000833e+01
-9.019242600000001175e+01
-8.078438400000000286e+01
-7.005656799999999862e+01
-5.813170399999999916e+01
-4.537539599999999496e+01
-3.242632599999999599e+01
-1.965845200000000048e+01
-6.973466000000000165e+00
5.726299000000000028e+00
1.797692999999999941e+01
2.918857699999999866e+01
3.923530199999999724e+01
4.809783000000000186e+01
5.535593999999999681e+01
6.056114099999999922e+01
6.379439200000000199e+01
6.494582099999999514e+01
6.408096400000000870e+01
6.120753400000000255e+01
5.625613599999999792e+01
4.928524000000000171e+01
4.050816999999999979e+01
2.980541299999999794e+01
1.707866200000000134e+01
2.773194000000000159e+00
-1.254298600000000086e+01
-2.862892599999999987e+01
-4.531821000000000055e+01
-6.210901499999999942e+01
-7.876488700000000165e+01
-9.494206800000000612e+01
-1.105081950000000006e+02
-1.254902549999999906e+02
-1.393587970000000098e+02
-1.517713479999999890e+02
-1.624445470000000000e+02
-1.712492469999999969e+02
-1.783255179999999882e+02
-1.836900690000000225e+02
-1.865545030000000111e+02
-1.867781070000000057e+02
-1.848704110000000185e+02
-1.808661139999999818e+02
-1.751629460000000051e+02
-1.675199560000000076e+02
-1.582352810000000147e+02
-1.477310679999999934e+02
-1.364191849999999988e+02
-1.244062940000000026e+02
-1.117951989999999967e+02
-9.894315200000001198e+01
-8.619326900000000080e+01
-7.362522500000000036e+01
-6.110215799999999575e+01
-4.918564699999999590e+01
-3.867308099999999627e+01
-2.971545800000000170e+01
-2.209302900000000136e+01
-1.560853499999999983e+01
-1.043160600000000038e+01
-6.540395000000000181e+00
-4.005581999999999532e+00
-2.911982999999999766e+00
-3.304572999999999983e+00
-5.111390000000000100e+00
-7.930846999999999980e+00
-1.153548599999999880e+01
-1.587390300000000209e+01
-2.097115799999999908e+01
-2.661456899999999948e+01
-3.237042500000000445e+01
-3.779987200000000058e+01
-4.289584200000000180e+01
-4.750348199999999821e+01
-5.134200500000000034e+01
-5.452899299999999982e+01
-5.676245600000000024e+01
-5.781171999999999400e+01
-5.740756400000000070e+01
-5.529682600000000292e+01
-5.139212299999999800e+01
-4.590356200000000086e+01
-3.861204000000000036e+01
-2.995512499999999889e+01
-2.000606499999999954e+01
-8.940274999999999750e+00
2.606133999999999951e+00
1.378115700000000032e+01
2.426031000000000049e+01
3.438927999999999940e+01
4.367202800000000451e+01
5.107021100000000047e+01
5.592394400000000587e+01
5.814198499999999825e+01
5.783035399999999981e+01
5.488046200000000141e+01
4.921713099999999486e+01
4.080502300000000560e+01
2.960558400000000034e+01
1.529690399999999961e+01
-1.723929999999999962e+00
-2.087863199999999964e+01
-4.176304700000000025e+01
-6.412915499999999724e+01
-8.783366900000000044e+01
-1.124846419999999938e+02
-1.374633100000000070e+02
-1.621663279999999929e+02
-1.859434500000000128e+02
-2.083159830000000170e+02
-2.288045940000000087e+02
-2.469472990000000152e+02
-2.623817060000000083e+02
-2.746490430000000060e+02
-2.835719689999999673e+02
-2.889500130000000127e+02
-2.906893629999999575e+02
-2.884346970000000283e+02
-2.823010289999999713e+02
-2.721405740000000151e+02
-2.582212719999999990e+02
-2.407673680000000047e+02
-2.206225139999999953e+02
-1.981227590000000021e+02
-1.731999920000000088e+02
-1.462333120000000122e+02
-1.177309660000000093e+02
-8.844022499999999809e+01
-5.895929300000000239e+01
-2.993713400000000036e+01
-1.889704000000000050e+00
2.491569900000000004e+01
4.991428499999999957e+01
7.280855899999998826e+01
9.326632899999999893e+01
1.107253730000000047e+02
1.248400069999999999e+02
1.354232509999999934e+02
1.422906979999999919e+02
1.456704490000000192e+02
1.456608099999999979e+02
1.423356760000000065e+02
1.355652519999999868e+02
1.255904910000000001e+02
1.128142639999999943e+02
9.762145199999999079e+01
8.035324100000001124e+01
6.158727400000000074e+01
4.163261200000000173e+01
2.089084000000000074e+01
-2.698700000000000057e-02
-2.066916499999999957e+01
-4.085385600000000039e+01
-5.998671199999999715e+01
-7.780429200000000378e+01
-9.403673200000000065e+01
-1.083987430000000103e+02
-1.207001340000000056e+02
-1.306903159999999957e+02
-1.381315489999999784e+02
-1.432512930000000040e+02
-1.462917830000000095e+02
-1.474592749999999910e+02
-1.466927269999999908e+02
-1.441444209999999941e+02
-1.398503389999999911e+02
-1.342493340000000046e+02
-1.275675810000000183e+02
-1.199239479999999958e+02
-1.116570530000000048e+02
-1.029802189999999911e+02
-9.436185599999998885e+01
-8.660449400000000253e+01
-7.978395199999999932e+01
-7.382569699999999102e+01
-6.902658000000000982e+01
-6.540459299999999132e+01
-6.302141899999999453e+01
-6.223431000000000068e+01
-6.303876799999999747e+01
-6.552988799999999969e+01
-6.946928900000000340e+01
-7.447016200000000197e+01
-8.063724299999999801e+01
-8.760428300000000945e+01
-9.499025799999999720e+01
-1.025786329999999964e+02
-1.102576049999999981e+02
-1.177862239999999900e+02
-1.247815360000000027e+02
-1.309473309999999913e+02
-1.359681239999999889e+02
-1.395085080000000062e+02
-1.414341950000000168e+02
-1.415549919999999986e+02
-1.397745190000000264e+02
-1.360593639999999880e+02
-1.303735450000000071e+02
-1.225660650000000089e+02
-1.127371600000000029e+02
-1.010603150000000028e+02
-8.803349900000000616e+01
-7.368176799999999105e+01
-5.803211100000000044e+01
-4.164610500000000570e+01
-2.494846800000000187e+01
-7.891010000000000524e+00
9.390050999999999704e+00
2.608704600000000084e+01
4.180352700000000254e+01
5.632553000000000054e+01
6.918464400000000580e+01
8.027999199999999291e+01
8.960900199999998961e+01
9.675016999999999712e+01
1.011200710000000100e+02
1.025503610000000094e+02
1.011753299999999882e+02
9.719737600000000555e+01
9.051562300000000505e+01
8.106324600000000657e+01
6.921677099999999427e+01
5.506230000000000047e+01
3.857477300000000042e+01
2.023545100000000119e+01
6.296869999999999967e-01
-1.986920500000000089e+01
-4.090654400000000379e+01
-6.198821799999999627e+01
-8.321446300000000917e+01
-1.039472389999999962e+02
-1.238113029999999952e+02
-1.423286080000000027e+02
-1.592292869999999994e+02
-1.743951129999999807e+02
-1.875639309999999966e+02
-1.983168050000000164e+02
-2.063909390000000030e+02
-2.119264040000000193e+02
-2.146970280000000173e+02
-2.147818430000000092e+02
-2.122598810000000071e+02
-2.074922489999999868e+02
-2.006556439999999952e+02
-1.917532789999999920e+02
-1.807742310000000145e+02
-1.678772069999999985e+02
-1.534021089999999958e+02
-1.383069619999999986e+02
-1.228166539999999998e+02
-1.070976030000000065e+02
-9.153404599999998936e+01
-7.625963099999999883e+01
-6.138037700000000285e+01
-4.767311199999999616e+01
-3.542826399999999865e+01
-2.437275400000000047e+01
-1.464151500000000006e+01
-6.532041999999999682e+00
-1.400730000000000031e-01
4.380824999999999747e+00
6.959971999999999603e+00
7.855669999999999931e+00
7.007519999999999527e+00
4.821606000000000058e+00
1.420009000000000077e+00
-3.145866000000000273e+00
-8.653059999999999974e+00
-1.483427600000000091e+01
-2.138752200000000059e+01
-2.792920200000000008e+01
-3.417981300000000289e+01
-4.034175300000000419e+01
-4.597616899999999873e+01
-5.041996199999999817e+01
-5.358381999999999579e+01
-5.599911999999999779e+01
-5.754827999999999832e+01
-5.800191200000000435e+01
-5.724564399999999864e+01
-5.512141300000000399e+01
-5.204365599999999858e+01
-4.815758600000000200e+01
-4.356600900000000109e+01
-3.837173099999999692e+01
-3.285746900000000181e+01
-2.721662800000000004e+01
-2.131684299999999865e+01
-1.523264999999999958e+01
-9.270538999999999419e+00
-4.004297000000000217e+00
3.533999999999999642e-02
2.729502000000000095e+00
4.132162000000000113e+00
4.195130999999999943e+00
2.861222000000000154e+00
-2.229610000000000203e-01
-4.894854999999999734e+00
-1.086146399999999979e+01
-1.838622700000000165e+01
-2.762014200000000130e+01
-3.857348800000000466e+01
-5.068340299999999843e+01
-6.341658000000000328e+01
-7.712962699999999927e+01
-9.165548599999999624e+01
-1.061652799999999957e+02
