4.644032283844137687e+00
6.784363300146548426e+00
8.054973061187233441e+00
6.661432293283668038e+00
5.193268993331026095e+00
5.242492383013775736e+00
3.773165659053629994e+00
5.581723359440482035e+00
7.725929606751747336e+00
4.903474898665748150e+00
2.709861634607082514e+00
5.960568979943110968e+00
6.380157947951516029e+00
4.563376478895093236e+00
3.429380936748094744e+00
5.046506948631772183e+00
1.045710576559657135e+01
8.395759643721817156e+00
5.266695320290409654e+00
3.025586355598162136e+00
4.442920797760249840e+00
7.694111138029930963e+00
7.214445263279243292e+00
5.171097058919683853e+00
3.475853325048431142e+00
4.101954297747083089e+00
7.164290850286255896e+00
1.003376698252005639e+01
8.212798952011350906e+00
5.221127918597446183e+00
4.349265460538535244e+00
7.571974622142707112e+00
8.318897018504056717e+00
6.057853673527309191e+00
3.755191440791816326e+00
5.435761471023014657e+00
7.426930211171147711e+00
4.548802844954263236e+00
4.368255831188825766e+00
3.970399328863205568e+00
4.026736235104857009e+00
6.549359592379403239e+00
7.566046719392590880e+00
5.391937955031003149e+00
2.684640913934104756e+00
3.194471080715559186e+00
1.128191695019645024e+01
1.312127224290379779e+01
8.470185700723554589e+00
4.808321286808624251e+00
