-2.680829857400000193e+01
-6.413767519999999944e-01
2.550704012600000326e+01
5.129777793600000280e+01
7.624978491800001734e+01
9.999303897600000823e+01
1.221883659860000080e+02
1.424657246559999919e+02
1.605352745820000280e+02
1.760516413320000311e+02
1.887989946799999927e+02
1.985614852040000358e+02
2.051911021460000200e+02
2.086631690479999861e+02
2.087556745720000322e+02
2.056351248220000230e+02
1.992275288160000173e+02
1.896993926580000220e+02
1.772233939660000317e+02
1.619475338999999963e+02
1.441185002560000328e+02
1.240014857740000167e+02
1.019788459800000169e+02
7.831575441800001158e+01
5.345008144599999866e+01
2.772102998200000457e+01
1.578775020000000140e+00
-2.456965145600000255e+01
-5.034804623800000911e+01
-7.533089159399999346e+01
-9.912347937199999137e+01
-1.213434732420000017e+02
-1.415838316220000195e+02
-1.596780484080000235e+02
-1.751635863820000338e+02
-1.879109397300000239e+02
-1.976672587399999941e+02
-2.043462094020000279e+02
-2.077627710700000137e+02
-2.079107818280000402e+02
-2.047779082459999813e+02
-1.983826456700000165e+02
-1.888421664840000460e+02
-1.763415009320000308e+02
-1.610656408660000238e+02
-1.432057784460000107e+02
-1.231504311140000141e+02
-1.011092863760000000e+02
-7.743386138399999652e+01
-5.253735963600000503e+01
