6.278426817503274471e+00
5.517998875750180332e+00
6.551246880502410441e+00
5.423852510220965151e+00
4.226750317180578698e+00
4.264079073244269047e+00
3.069982615353766597e+00
4.541646172091406086e+00
6.286894206953825837e+00
3.989878232885087694e+00
2.203632192134358458e+00
4.847645201971373830e+00
5.190226286058725158e+00
3.711153272559003291e+00
2.789885425017508247e+00
4.106130119048651217e+00
8.511077578313868131e+00
6.829013702182090029e+00
4.283996805025879873e+00
2.462206139552739703e+00
3.613965152154345883e+00
6.258940213788450002e+00
5.866532190918927192e+00
4.210135648346681414e+00
2.830533817943668318e+00
3.341146062560134578e+00
5.831510271947453639e+00
8.168494153458874862e+00
6.685694234846996764e+00
4.251227676249063059e+00
3.537095788838815480e+00
6.159746797389168194e+00
6.767752387702631545e+00
4.927704397129612168e+00
3.056986161405641944e+00
4.423857632604625501e+00
6.045297456704237682e+00
3.704842248376394753e+00
3.553923244197953579e+00
3.229632887940389274e+00
3.280210598528261023e+00
5.326010324524520279e+00
6.151313204397829359e+00
4.384312127688335003e+00
2.178900225328384899e+00
2.600736329082450116e+00
9.182301249365194096e+00
1.067700720463964537e+01
6.893094766990283340e+00
3.911431757301876644e+00
