-2.014752691445129429e+01
6.662842045451173867e+00
3.320232877198182564e+01
5.955257688806748462e+01
8.519692085355507061e+01
1.097101141525616157e+02
1.324572898498508664e+02
1.525399067879201027e+02
1.701775706012012392e+02
1.850125736779941690e+02
1.960549681883085782e+02
2.052882898297560246e+02
2.126708608875939319e+02
2.159837469940160304e+02
2.158872136110068425e+02
2.137049629584361412e+02
2.072560256232202391e+02
1.958604392782418984e+02
1.809003402550857231e+02
1.642491339048368673e+02
1.459511645804083173e+02
1.246185154051969732e+02
1.021842591059314884e+02
7.896007477033398914e+01
5.375817319403464722e+01
2.868500014812750010e+01
3.820479845605068370e+00
-2.256014704875385846e+01
-4.955509740572784949e+01
-7.655773774052413216e+01
-1.019623298308156905e+02
-1.239038734865528397e+02
-1.434598052715866174e+02
-1.614197156255023913e+02
-1.768214341535673668e+02
-1.887957670488077611e+02
-1.982928652793602851e+02
-2.058285885283079608e+02
-2.092507824982752140e+02
-2.082170529384854376e+02
-2.056456707143520362e+02
-2.004511695542012433e+02
-1.896377385600485184e+02
-1.754113787521341123e+02
-1.590035959851789187e+02
-1.389537222582594609e+02
-1.171590245904953065e+02
-9.513422299078467859e+01
-7.232193869607098691e+01
-4.793212866857608390e+01
