-3.463922699999999821e+01
-4.036552700000000016e+01
-4.498601800000000139e+01
-4.857330800000000437e+01
-5.157010599999999556e+01
-5.404387699999999484e+01
-5.584876700000000227e+01
-5.704131699999999938e+01
-5.773847099999999699e+01
-5.829426600000000036e+01
-5.879351900000000342e+01
-5.941549499999999995e+01
-6.081237300000000090e+01
-6.385543300000000499e+01
-6.923090699999998776e+01
-7.829711899999999503e+01
-8.777134300000000167e+01
-8.620355000000000700e+01
-6.182758299999999707e+01
-1.047658299999999976e+01
6.373206600000000321e+01
1.504252299999999991e+02
2.367951979999999992e+02
3.098511339999999450e+02
3.580376339999999686e+02
3.728429959999999710e+02
3.501671850000000177e+02
2.919879329999999982e+02
2.064005769999999984e+02
1.061492170000000073e+02
5.716019000000000183e+00
-8.079080900000001009e+01
-1.434382710000000145e+02
-1.785118539999999996e+02
-1.893591819999999757e+02
-1.843634490000000028e+02
-1.713694010000000105e+02
-1.553534970000000044e+02
-1.390375279999999805e+02
-1.235247310000000027e+02
-1.092815899999999942e+02
-9.674824200000000474e+01
-8.607183000000000561e+01
-7.688096499999998912e+01
-6.898609999999999332e+01
-6.227222000000000435e+01
-5.665258200000000244e+01
-5.195113099999999662e+01
-4.826231999999999545e+01
-4.555723400000000112e+01
-4.358785500000000468e+01
-4.208303099999999830e+01
-4.056150099999999981e+01
-3.897507399999999933e+01
-3.756470299999999440e+01
-3.623207899999999881e+01
-3.471247699999999980e+01
-3.313247600000000403e+01
-3.149079099999999798e+01
-2.983818300000000079e+01
-2.811553799999999725e+01
-2.645265000000000200e+01
-2.498959099999999722e+01
-2.354387999999999792e+01
-2.157771299999999925e+01
-1.920546299999999817e+01
-1.669442399999999793e+01
-1.445646400000000042e+01
-1.234058600000000006e+01
-1.043096300000000021e+01
-8.486643000000000825e+00
-6.212058000000000746e+00
-3.589217999999999797e+00
-8.173080000000000345e-01
2.063190000000000079e+00
5.063200000000000145e+00
8.164088999999998819e+00
1.127911300000000061e+01
1.440377600000000058e+01
1.773148099999999872e+01
2.106753799999999899e+01
2.439331499999999764e+01
2.784117499999999978e+01
3.137063600000000108e+01
3.471504699999999843e+01
3.801383700000000232e+01
4.147261999999999915e+01
4.506376499999999652e+01
4.878341800000000461e+01
5.265792300000000381e+01
5.658961299999999994e+01
6.058748500000000092e+01
6.475627200000000983e+01
6.878434299999999268e+01
7.246415899999999510e+01
7.567684900000000425e+01
7.851429699999999912e+01
8.097329000000000576e+01
8.269850500000001148e+01
8.373427599999999416e+01
8.398358100000000093e+01
8.318619100000000799e+01
8.119817899999999611e+01
7.817310900000001084e+01
7.410520099999999388e+01
6.903107799999999372e+01
6.285435899999999521e+01
5.582820499999999697e+01
4.782475099999999912e+01
3.906374499999999728e+01
3.025326300000000046e+01
2.169015800000000027e+01
1.332302699999999973e+01
5.018864999999999910e+00
-2.763555999999999901e+00
-9.819266999999999967e+00
-1.629862100000000069e+01
-2.218105699999999914e+01
-2.741838500000000067e+01
-3.208449599999999435e+01
-3.640877700000000061e+01
-4.019268399999999986e+01
-4.349468699999999899e+01
-4.647092299999999909e+01
-4.908605299999999971e+01
-5.136513599999999968e+01
-5.340326699999999960e+01
-5.515353999999999957e+01
-5.638528600000000068e+01
-5.709721799999999803e+01
-5.781943099999999447e+01
-5.856863000000000596e+01
-5.918803700000000134e+01
-5.954528799999999933e+01
-5.936666300000000263e+01
-5.870870399999999734e+01
-5.777252599999999916e+01
-5.658061699999999661e+01
-5.503210099999999727e+01
-5.353305900000000150e+01
-5.206935800000000114e+01
-5.099246399999999824e+01
-5.032807899999999535e+01
-5.028952699999999965e+01
-5.052084099999999722e+01
-5.121221200000000096e+01
-5.215867000000000075e+01
-5.341933000000000220e+01
-5.479885900000000021e+01
-5.583912800000000232e+01
-5.674446499999999816e+01
-5.745639700000000261e+01
-5.792416500000000212e+01
-5.828270099999999587e+01
-5.867721900000000090e+01
-5.901904899999999543e+01
-5.926578400000000357e+01
-5.940264499999999970e+01
-5.946175800000000322e+01
-5.945083499999999788e+01
-5.943734199999999390e+01
-5.928184699999999907e+01
-5.942834599999999767e+01
-5.984085599999999516e+01
-6.004453999999999780e+01
-6.006895699999999749e+01
-5.996358000000000033e+01
-5.979523500000000524e+01
-5.959669099999999986e+01
-5.948039200000000193e+01
-5.945211999999999364e+01
-5.953886299999999920e+01
-5.971556100000000100e+01
-5.990318200000000104e+01
-5.995137200000000632e+01
-5.994944499999999721e+01
-5.992888299999999902e+01
-5.988776099999999758e+01
-5.967765099999999734e+01
-5.916876100000000349e+01
-5.895029799999999653e+01
-5.914305900000000094e+01
-5.946497099999999847e+01
-5.966736999999999824e+01
-5.974318999999999846e+01
-5.987555299999999647e+01
-6.002847699999999520e+01
-6.008180699999999774e+01
-6.012935500000000388e+01
-6.027970900000000398e+01
-6.037673200000000406e+01
-6.039600800000000191e+01
-6.020260499999999837e+01
-6.004839499999999930e+01
-5.993209599999999426e+01
-5.997386100000000653e+01
-5.988069300000000084e+01
-5.971170499999999493e+01
-5.945983100000000121e+01
-5.926321400000000494e+01
-5.899206299999999459e+01
-5.876010699999999787e+01
-5.848767000000000138e+01
-5.822680000000000433e+01
-5.782007300000000072e+01
-5.715440399999999954e+01
-5.604409799999999819e+01
-5.415375099999999975e+01
-5.142938999999999794e+01
-4.782218100000000049e+01
-4.330449600000000032e+01
-3.794123100000000193e+01
-3.224063299999999543e+01
-2.648477700000000112e+01
-2.047576099999999855e+01
-1.457276300000000013e+01
-9.441454000000000235e+00
-5.706381000000000370e+00
-3.822458999999999829e+00
-3.907273999999999692e+00
-6.068772000000000055e+00
-1.025105199999999961e+01
-1.584691599999999845e+01
-2.234618899999999897e+01
-2.895469299999999890e+01
-3.511470600000000530e+01
-4.034367999999999910e+01
-4.476177200000000056e+01
-4.843516199999999827e+01
-5.153219599999999900e+01
-5.417495499999999709e+01
-5.629147499999999837e+01
-5.764144799999999691e+01
-5.831354300000000279e+01
-5.877809799999999996e+01
-5.925486099999999823e+01
-5.972584100000000262e+01
-6.075069000000000585e+01
-6.321546599999999927e+01
-6.832557099999999650e+01
-7.743547600000000841e+01
-8.727915899999999283e+01
-8.615150500000000022e+01
-6.193874199999999774e+01
-1.060509099999999982e+01
6.375069999999999482e+01
1.509283379999999966e+02
2.376279269999999997e+02
3.105688490000000002e+02
3.584103059999999914e+02
3.728269330000000537e+02
3.500663069999999948e+02
2.921974000000000160e+02
2.069724360000000161e+02
1.066330479999999881e+02
5.845169000000000281e+00
-8.091417700000000934e+01
-1.434916020000000003e+02
-1.782053640000000030e+02
-1.887764000000000237e+02
-1.836810729999999978e+02
-1.706844560000000115e+02
-1.549788980000000151e+02
-1.391242709999999931e+02
-1.237200630000000103e+02
-1.093888939999999934e+02
-9.676816100000000631e+01
-8.588934900000000994e+01
-7.649608500000000788e+01
-6.861728300000000047e+01
-6.195737600000000356e+01
-5.640327700000000277e+01
-5.179049599999999742e+01
-4.809397500000000036e+01
-4.521154899999999799e+01
-4.292539799999999417e+01
-4.120596599999999654e+01
-3.970114200000000437e+01
-3.846682700000000210e+01
-3.739828600000000591e+01
-3.640877700000000061e+01
-3.490845099999999945e+01
-3.296284599999999898e+01
-3.092535700000000176e+01
-2.903886599999999873e+01
-2.740617600000000209e+01
-2.585187699999999822e+01
-2.420890700000000351e+01
-2.245799099999999981e+01
-2.068201499999999982e+01
-1.885656499999999980e+01
-1.699898699999999963e+01
-1.500133600000000023e+01
-1.281927699999999959e+01
-1.041811200000000071e+01
-7.796556999999999960e+00
-4.941759999999999486e+00
-2.276511999999999869e+00
2.364539999999999975e-01
2.834235000000000060e+00
