4.533511526999999575e+01
5.781784375000000864e+01
6.922522692999999094e+01
7.940826023999998995e+01
8.835630964000000631e+01
9.608324120999999707e+01
1.023029325699999958e+02
1.069773328100000072e+02
1.098493623199999973e+02
1.109138616000000042e+02
1.101272022399999884e+02
1.076277162200000248e+02
1.034866355199999930e+02
9.778808746000002827e+01
9.040707269000000679e+01
8.147337111000000220e+01
7.126665389000000062e+01
6.005760942000000568e+01
4.801506452000000280e+01
3.514311221000000529e+01
2.161534050000000207e+01
7.652673440000000049e+00
-6.319117740000000261e+00
-2.024778182999999743e+01
-3.403671302999999426e+01
-4.717929592999999500e+01
-5.937562592999999822e+01
-7.074337086999999258e+01
-8.119444540000000643e+01
-9.041053593999997418e+01
-9.801875216999998486e+01
-1.039757033799999988e+02
-1.083012825100000072e+02
-1.110187430600000198e+02
-1.120597896599999928e+02
-1.114744117700000032e+02
-1.090626900999999975e+02
-1.048597907900000195e+02
-9.903186768000001905e+01
-9.179200567999998839e+01
-8.319129310999998950e+01
-7.324462385000001063e+01
-6.197570761999998723e+01
-4.965705121999999960e+01
-3.669428903000000020e+01
-2.332039241999999746e+01
-9.543862129999999055e+00
4.558113650000000128e+00
1.859023270999999866e+01
3.217704718999999614e+01
