-3.463922699999999821e+01
-4.036552700000000016e+01
-4.498601800000000139e+01
-4.857330800000000437e+01
-5.157010599999999556e+01
-5.404387699999999484e+01
-5.584876700000000227e+01
-5.704131699999999938e+01
-5.773847099999999699e+01
-5.829426600000000036e+01
-5.879351900000000342e+01
-5.941549499999999995e+01
-6.081237300000000090e+01
-6.385543300000000499e+01
-6.923090699999998776e+01
-7.829711899999999503e+01
-8.777134300000000167e+01
-8.620355000000000700e+01
-6.182758299999999707e+01
-1.047658299999999976e+01
6.373206600000000321e+01
1.504252299999999991e+02
2.367951979999999992e+02
3.098511339999999450e+02
3.580376339999999686e+02
3.728429959999999710e+02
3.501671850000000177e+02
2.919879329999999982e+02
2.064005769999999984e+02
1.061492170000000073e+02
5.716019000000000183e+00
-8.079080900000001009e+01
-1.434382710000000145e+02
-1.785118539999999996e+02
-1.893591819999999757e+02
-1.843634490000000028e+02
-1.713694010000000105e+02
-1.553534970000000044e+02
-1.390375279999999805e+02
-1.235247310000000027e+02
-1.092815899999999942e+02
-9.674824200000000474e+01
-8.607183000000000561e+01
-7.688096499999998912e+01
-6.898609999999999332e+01
-6.227222000000000435e+01
-5.665258200000000244e+01
-5.195113099999999662e+01
-4.826231999999999545e+01
-4.555723400000000112e+01
-4.358785500000000468e+01
-4.208303099999999830e+01
-4.056150099999999981e+01
-3.897507399999999933e+01
-3.756470299999999440e+01
-3.623207899999999881e+01
-3.471247699999999980e+01
-3.313247600000000403e+01
-3.149079099999999798e+01
-2.983818300000000079e+01
-2.811553799999999725e+01
-2.645265000000000200e+01
-2.498959099999999722e+01
-2.354387999999999792e+01
-2.157771299999999925e+01
-1.920546299999999817e+01
-1.669442399999999793e+01
-1.445646400000000042e+01
-1.234058600000000006e+01
-1.043096300000000021e+01
-8.486643000000000825e+00
-6.212058000000000746e+00
-3.589217999999999797e+00
-8.173080000000000345e-01
2.063190000000000079e+00
5.063200000000000145e+00
8.164088999999998819e+00
1.127911300000000061e+01
1.440377600000000058e+01
1.773148099999999872e+01
2.106753799999999899e+01
2.439331499999999764e+01
2.784117499999999978e+01
3.137063600000000108e+01
3.471504699999999843e+01
3.801383700000000232e+01
4.147261999999999915e+01
4.506376499999999652e+01
4.878341800000000461e+01
5.265792300000000381e+01
5.658961299999999994e+01
6.058748500000000092e+01
6.475627200000000983e+01
6.878434299999999268e+01
7.246415899999999510e+01
7.567684900000000425e+01
7.851429699999999912e+01
8.097329000000000576e+01
8.269850500000001148e+01
8.373427599999999416e+01
8.398358100000000093e+01
8.318619100000000799e+01
8.119817899999999611e+01
7.817310900000001084e+01
7.410520099999999388e+01
6.903107799999999372e+01
6.285435899999999521e+01
5.582820499999999697e+01
4.782475099999999912e+01
3.906374499999999728e+01
3.025326300000000046e+01
2.169015800000000027e+01
1.332302699999999973e+01
5.018864999999999910e+00
-2.763555999999999901e+00
-9.819266999999999967e+00
-1.629862100000000069e+01
-2.218105699999999914e+01
-2.741838500000000067e+01
-3.208449599999999435e+01
-3.640877700000000061e+01
-4.019268399999999986e+01
-4.349468699999999899e+01
-4.647092299999999909e+01
-4.908605299999999971e+01
-5.136513599999999968e+01
-5.340326699999999960e+01
-5.515353999999999957e+01
-5.638528600000000068e+01
-5.709721799999999803e+01
-5.781943099999999447e+01
-5.856863000000000596e+01
-5.918803700000000134e+01
-5.954528799999999933e+01
-5.936666300000000263e+01
-5.870870399999999734e+01
-5.777252599999999916e+01
-5.658061699999999661e+01
-5.503210099999999727e+01
-5.353305900000000150e+01
-5.206935800000000114e+01
-5.099246399999999824e+01
-5.032807899999999535e+01
-5.028952699999999965e+01
-5.052084099999999722e+01
-5.121221200000000096e+01
-5.215867000000000075e+01
-5.341933000000000220e+01
-5.479885900000000021e+01
-5.583912800000000232e+01
-5.674446499999999816e+01
-5.745639700000000261e+01
-5.792416500000000212e+01
-5.828270099999999587e+01
-5.867721900000000090e+01
-5.901904899999999543e+01
-5.926578400000000357e+01
-5.940264499999999970e+01
-5.946175800000000322e+01
-5.945083499999999788e+01
-5.943734199999999390e+01
-5.928184699999999907e+01
-5.942834599999999767e+01
-5.984085599999999516e+01
-6.004453999999999780e+01
-6.006895699999999749e+01
-5.996358000000000033e+01
-5.979523500000000524e+01
-5.959669099999999986e+01
-5.948039200000000193e+01
-5.945211999999999364e+01
-5.953886299999999920e+01
-5.971556100000000100e+01
-5.990318200000000104e+01
-5.995137200000000632e+01
-5.994944499999999721e+01
-5.992888299999999902e+01
-5.988776099999999758e+01
-5.967765099999999734e+01
-5.916876100000000349e+01
-5.895029799999999653e+01
-5.914305900000000094e+01
-5.946497099999999847e+01
-5.966736999999999824e+01
-5.974318999999999846e+01
-5.987555299999999647e+01
-6.002847699999999520e+01
-6.008180699999999774e+01
-6.012935500000000388e+01
-6.027970900000000398e+01
-6.037673200000000406e+01
-6.039600800000000191e+01
-6.020260499999999837e+01
-6.004839499999999930e+01
-5.993209599999999426e+01
-5.997386100000000653e+01
-5.988069300000000084e+01
-5.971170499999999493e+01
-5.945983100000000121e+01
-5.926321400000000494e+01
-5.899206299999999459e+01
-5.876010699999999787e+01
-5.848767000000000138e+01
-5.822680000000000433e+01
-5.782007300000000072e+01
-5.715440399999999954e+01
-5.604409799999999819e+01
-5.415375099999999975e+01
-5.142938999999999794e+01
-4.782218100000000049e+01
-4.330449600000000032e+01
-3.794123100000000193e+01
-3.224063299999999543e+01
-2.648477700000000112e+01
-2.047576099999999855e+01
-1.457276300000000013e+01
-9.441454000000000235e+00
-5.706381000000000370e+00
-3.822458999999999829e+00
-3.907273999999999692e+00
-6.068772000000000055e+00
-1.025105199999999961e+01
-1.584691599999999845e+01
-2.234618899999999897e+01
-2.895469299999999890e+01
-3.511470600000000530e+01
-4.034367999999999910e+01
-4.476177200000000056e+01
-4.843516199999999827e+01
-5.153219599999999900e+01
-5.417495499999999709e+01
-5.629147499999999837e+01
-5.764144799999999691e+01
-5.831354300000000279e+01
-5.877809799999999996e+01
-5.925486099999999823e+01
-5.972584100000000262e+01
-6.075069000000000585e+01
-6.321546599999999927e+01
-6.832557099999999650e+01
-7.743547600000000841e+01
-8.727915899999999283e+01
-8.615150500000000022e+01
-6.193874199999999774e+01
-1.060509099999999982e+01
6.375069999999999482e+01
1.509283379999999966e+02
2.376279269999999997e+02
3.105688490000000002e+02
3.584103059999999914e+02
3.728269330000000537e+02
3.500663069999999948e+02
2.921974000000000160e+02
2.069724360000000161e+02
1.066330479999999881e+02
5.845169000000000281e+00
-8.091417700000000934e+01
-1.434916020000000003e+02
-1.782053640000000030e+02
-1.887764000000000237e+02
-1.836810729999999978e+02
-1.706844560000000115e+02
-1.549788980000000151e+02
-1.391242709999999931e+02
-1.237200630000000103e+02
-1.093888939999999934e+02
-9.676816100000000631e+01
-8.588934900000000994e+01
-7.649608500000000788e+01
-6.861728300000000047e+01
-6.195737600000000356e+01
-5.640327700000000277e+01
-5.179049599999999742e+01
-4.809397500000000036e+01
-4.521154899999999799e+01
-4.292539799999999417e+01
-4.120596599999999654e+01
-3.970114200000000437e+01
-3.846682700000000210e+01
-3.739828600000000591e+01
-3.640877700000000061e+01
-3.490845099999999945e+01
-3.296284599999999898e+01
-3.092535700000000176e+01
-2.903886599999999873e+01
-2.740617600000000209e+01
-2.585187699999999822e+01
-2.420890700000000351e+01
-2.245799099999999981e+01
-2.068201499999999982e+01
-1.885656499999999980e+01
-1.699898699999999963e+01
-1.500133600000000023e+01
-1.281927699999999959e+01
-1.041811200000000071e+01
-7.796556999999999960e+00
-4.941759999999999486e+00
-2.276511999999999869e+00
2.364539999999999975e-01
2.834235000000000060e+00
5.617709999999999759e+00
8.599729999999999208e+00
1.177900800000000103e+01
1.487090099999999993e+01
1.786191599999999724e+01
2.085807099999999892e+01
2.383494999999999919e+01
2.683367499999999950e+01
3.011768700000000010e+01
3.363301300000000538e+01
3.709243800000000135e+01
4.073884100000000075e+01
4.443150800000000089e+01
4.814409299999999803e+01
5.228139500000000339e+01
5.661724199999999740e+01
6.071856300000000317e+01
6.455515700000000834e+01
6.809618500000000552e+01
7.132236799999999732e+01
7.457361099999999965e+01
7.760446299999999553e+01
8.016112200000000598e+01
8.195573100000000011e+01
8.299921299999999746e+01
8.323566699999999230e+01
8.269657699999999068e+01
8.118854000000000326e+01
7.840506599999999082e+01
7.421314699999999220e+01
6.887365600000001109e+01
6.266288300000000078e+01
5.563672900000000254e+01
4.768082299999999663e+01
3.911835999999999558e+01
3.048714599999999919e+01
2.191954399999999836e+01
1.369826900000000158e+01
5.796336000000000155e+00
-1.858219999999999983e+00
-8.987180000000000391e+00
-1.570234499999999933e+01
-2.191440300000000008e+01
-2.735477299999999801e+01
-3.205686700000000400e+01
-3.621730099999999908e+01
-3.977888899999999950e+01
-4.323445900000000108e+01
-4.646192800000000034e+01
-4.905842400000000225e+01
-5.112739699999999488e+01
-5.293806899999999871e+01
-5.463822499999999849e+01
-5.609228799999999637e+01
-5.712805999999999784e+01
-5.776095999999999719e+01
-5.832446600000000103e+01
-5.868364499999999850e+01
-5.872669499999999942e+01
-5.836687299999999823e+01
-5.777059799999999967e+01
-5.697577799999999826e+01
-5.595285799999999909e+01
-5.473974599999999668e+01
-5.319701200000000085e+01
-5.175644199999999984e+01
-5.068661599999999368e+01
-5.024197900000000061e+01
-5.025482999999999834e+01
-5.062043399999999593e+01
-5.142810500000000218e+01
-5.254419299999999993e+01
-5.388709800000000172e+01
-5.521072600000000108e+01
-5.650415499999999724e+01
-5.759133000000000635e+01
-5.828976899999999972e+01
-5.886740999999999957e+01
-5.927927700000000044e+01
-5.962753300000000678e+01
-5.992374300000000176e+01
-5.993402400000000085e+01
-5.980808600000000297e+01
-5.978559700000000277e+01
-5.996358000000000033e+01
-6.009015999999999735e+01
-6.012871299999999763e+01
-6.014413400000000109e+01
-6.012421499999999952e+01
-6.011393400000000042e+01
-6.010429600000000505e+01
-6.005096599999999540e+01
-6.000405999999999551e+01
-6.004325499999999494e+01
-6.017176300000000566e+01
-6.016469499999999471e+01
-5.980615900000000096e+01
-5.948938700000000068e+01
-5.936345000000000027e+01
-5.931204699999999974e+01
-5.941613800000000367e+01
-5.972327100000000399e+01
-6.001177099999999598e+01
-6.008502000000000010e+01
-6.002205099999999760e+01
-5.994751699999999772e+01
-5.992759799999999615e+01
-5.993852100000000149e+01
-5.994366200000000333e+01
-5.982029400000000408e+01
-5.965130700000000274e+01
-5.952729699999999724e+01
-5.950545100000000076e+01
-5.952022900000000050e+01
-5.941228300000000218e+01
-5.931011900000000026e+01
-5.912635300000000171e+01
-5.887319300000000055e+01
-5.872412400000000332e+01
-5.871512899999999746e+01
-5.882307500000000289e+01
-5.888283099999999592e+01
-5.903896799999999701e+01
-5.924329500000000337e+01
-5.937565800000000138e+01
-5.938979400000000197e+01
-5.926192899999999497e+01
-5.897599900000000162e+01
-5.853971599999999853e+01
-5.814776799999999923e+01
-5.757462400000000002e+01
-5.631653400000000431e+01
-5.417238500000000556e+01
-5.135292799999999858e+01
-4.783631700000000109e+01
-4.348440599999999989e+01
-3.820210099999999898e+01
-3.224384500000000031e+01
-2.610696400000000139e+01
-1.995337699999999970e+01
-1.402275099999999952e+01
-9.051434000000000424e+00
-5.538035999999999959e+00
-3.764631000000000061e+00
-3.877717000000000080e+00
-5.902355000000000018e+00
-9.724814000000000291e+00
-1.518895700000000026e+01
-2.172292699999999854e+01
-2.819649800000000184e+01
-3.424792200000000264e+01
-3.967351299999999981e+01
-4.427087300000000170e+01
-4.806248999999999683e+01
-5.109591199999999844e+01
-5.355362099999999970e+01
-5.528397599999999557e+01
-5.655427300000000201e+01
-5.746346499999999935e+01
-5.813427399999999778e+01
-5.869842299999999824e+01
-5.937051799999999702e+01
-6.073269799999999918e+01
-6.340758399999999995e+01
-6.859543699999998978e+01
-7.760382099999999639e+01
-8.732220900000000086e+01
-8.626394900000001087e+01
-6.213921399999999551e+01
-1.067576999999999998e+01
6.365110599999999863e+01
1.503802529999999820e+02
2.367881300000000238e+02
3.097830250000000092e+02
3.579251899999999864e+02
3.726380260000000249e+02
3.498825410000000034e+02
2.918343659999999886e+02
2.065342249999999922e+02
1.059789439999999985e+02
4.993806000000000189e+00
-8.146804500000000360e+01
-1.436432410000000175e+02
-1.782143590000000017e+02
-1.889396050000000002e+02
-1.841244240000000048e+02
-1.712717350000000067e+02
-1.551530250000000137e+02
-1.387066210000000126e+02
-1.231205750000000023e+02
-1.088870720000000034e+02
-9.636721700000001078e+01
-8.558285800000000165e+01
-7.630910599999999988e+01
-6.834870200000000295e+01
-6.145876599999999712e+01
-5.564636700000000502e+01
-5.111647400000000374e+01
-4.767696699999999765e+01
-4.495581899999999820e+01
-4.275962400000000230e+01
-4.107231900000000024e+01
-3.940107700000000079e+01
-3.798942100000000011e+01
-3.683927800000000019e+01
-3.570712599999999526e+01
-3.434815799999999797e+01
-3.269619199999999637e+01
-3.083475899999999825e+01
-2.903436800000000062e+01
-2.739718099999999978e+01
-2.590842000000000311e+01
-2.435219299999999976e+01
-2.231727500000000219e+01
-2.016027499999999861e+01
-1.814655999999999736e+01
-1.624464800000000153e+01
-1.430096999999999952e+01
-1.212597799999999992e+01
-9.918860000000000454e+00
-7.633995000000000530e+00
-5.294514000000000387e+00
-2.895918999999999688e+00
-2.891420000000000101e-01
2.555374000000000034e+00
5.515546999999999755e+00
8.558606999999998521e+00
1.163893500000000003e+01
1.462352399999999975e+01
1.732282599999999917e+01
2.004975800000000064e+01
2.328108200000000139e+01
2.685744899999999902e+01
3.042417800000000128e+01
3.390159400000000289e+01
3.731282799999999611e+01
4.076904100000000142e+01
4.443407799999999952e+01
4.835355999999999455e+01
5.252941500000000019e+01
5.681128900000000215e+01
6.097493500000000211e+01
6.503513300000000186e+01
6.880426200000000847e+01
7.228617500000000007e+01
7.563444099999999537e+01
7.873597300000000132e+01
8.102983399999999392e+01
8.264453200000001232e+01
8.375419500000000994e+01
8.414293100000000436e+01
8.363404000000001304e+01
8.190496999999999161e+01
7.885612700000000075e+01
7.444253300000001161e+01
6.904200099999999907e+01
6.273805999999999727e+01
5.561167000000000371e+01
4.763456000000000046e+01
3.898535499999999843e+01
3.014210299999999876e+01
2.140037300000000187e+01
1.315275399999999983e+01
5.540606000000000364e+00
-1.819024999999999892e+00
-8.825903000000000276e+00
-1.535216200000000164e+01
-2.146912499999999824e+01
-2.707205700000000093e+01
-3.195855899999999750e+01
-3.621408799999999673e+01
-3.992088999999999999e+01
-4.323702899999999971e+01
-4.620234299999999905e+01
-4.869474800000000414e+01
-5.092435499999999848e+01
-5.268940700000000277e+01
-5.425013200000000069e+01
-5.583527300000000082e+01
-5.728355400000000230e+01
-5.827820299999999776e+01
-5.858597900000000180e+01
-5.860396999999999679e+01
-5.846967899999999929e+01
-5.815676299999999799e+01
-5.761317600000000283e+01
-5.694236599999999981e+01
-5.587703799999999887e+01
-5.455854999999999677e+01
-5.311412500000000136e+01
-5.184768199999999894e+01
-5.081319599999999781e+01
-5.023169899999999899e+01
-5.008712799999999987e+01
-5.028695700000000102e+01
-5.095455400000000168e+01
-5.199996400000000563e+01
-5.336728500000000253e+01
-5.499740400000000307e+01
-5.656840900000000261e+01
-5.786055300000000301e+01
-5.877552700000000385e+01
-5.931975700000000273e+01
-5.955813900000000416e+01
-5.963460100000000352e+01
-5.962110799999999955e+01
-5.959347799999999751e+01
-5.966094499999999812e+01
-5.974640299999999371e+01
-5.981129899999999822e+01
-5.983700000000000330e+01
-5.987747999999999848e+01
-5.977724400000000315e+01
-5.941613800000000367e+01
-5.921052600000000155e+01
-5.937951300000000288e+01
-5.951701599999999814e+01
-5.945790300000000173e+01
-5.933260800000000046e+01
-5.930369400000000013e+01
-5.943220099999999917e+01
-5.961211200000000332e+01
-5.974126200000000608e+01
-5.990189700000000528e+01
-5.998928199999999578e+01
-5.989739900000000006e+01
-5.973676400000000086e+01
-5.955813900000000416e+01
-5.941421000000000419e+01
-5.959412100000000123e+01
-5.995651199999999648e+01
-6.002012400000000270e+01
-5.977210399999999879e+01
-5.940650000000000119e+01
-5.901390900000000528e+01
-5.899013500000000221e+01
-5.918482399999999899e+01
-5.922723200000000077e+01
-5.912378299999999598e+01
-5.922273400000000265e+01
-5.949774000000000029e+01
-5.967893600000000021e+01
-5.973740699999999748e+01
-5.964102599999999654e+01
-5.960440200000000033e+01
-5.962174999999999869e+01
-5.966608500000000248e+01
-5.969628500000000315e+01
-5.975411299999999670e+01
-5.988711800000000096e+01
-6.002783399999999858e+01
-6.006831400000000087e+01
-5.990575199999999967e+01
-5.943734199999999390e+01
-5.851915500000000492e+01
-5.748916600000000443e+01
-5.604923800000000256e+01
-5.416081899999999649e+01
-5.158167100000000005e+01
-4.807855400000000401e+01
-4.350175500000000284e+01
-3.806074300000000221e+01
-3.200867699999999871e+01
-2.548691499999999976e+01
-1.910908200000000079e+01
-1.346053000000000033e+01
-8.680047000000000068e+00
-5.156367999999999618e+00
-3.474202999999999708e+00
-3.738929000000000169e+00
-6.204989999999999561e+00
-1.050035699999999927e+01
-1.605831099999999978e+01
-2.244385499999999922e+01
-2.892642100000000127e+01
-3.503503100000000359e+01
-4.034367999999999910e+01
-4.480739200000000011e+01
-4.852062000000000097e+01
-5.165813299999999941e+01
-5.411455600000000032e+01
-5.575881100000000146e+01
-5.687168699999999433e+01
-5.749944700000000353e+01
-5.796593000000000018e+01
-5.831804000000000343e+01
-5.910065199999999663e+01
-6.049560200000000521e+01
-6.317498600000000408e+01
-6.845407799999999554e+01
-7.759546799999999678e+01
-8.744686099999999840e+01
-8.626266400000000090e+01
-6.196444400000000030e+01
-1.046694500000000083e+01
6.379182199999999625e+01
1.504001710000000003e+02
2.366705450000000042e+02
3.096699380000000019e+02
3.578230259999999703e+02
3.726399539999999888e+02
3.501010039999999890e+02
2.922301699999999869e+02
2.067713210000000004e+02
1.062372449999999873e+02
5.547673999999999772e+00
-8.100734500000000082e+01
-1.435744889999999998e+02
-1.784212569999999971e+02
-1.891375060000000019e+02
-1.842889140000000054e+02
-1.715788689999999974e+02
-1.556137250000000165e+02
-1.389430749999999932e+02
-1.230968009999999992e+02
-1.089506830000000122e+02
-9.661009700000001033e+01
-8.595488799999999685e+01
-7.667278299999999547e+01
-6.866675899999999899e+01
-6.176525699999999830e+01
-5.593872200000000561e+01
-5.125076399999999666e+01
-4.780419000000000551e+01
-4.547241900000000214e+01
-4.347926600000000263e+01
-4.163004199999999599e+01
-4.001020300000000418e+01
-3.861589599999999933e+01
-3.753964399999999557e+01
-3.651351100000000116e+01
-3.526827200000000317e+01
-3.381613600000000019e+01
-3.221942899999999810e+01
-3.051091999999999871e+01
-2.859615700000000160e+01
-2.650662300000000116e+01
-2.455908999999999764e+01
-2.263597400000000093e+01
-2.088055999999999912e+01
-1.916369800000000012e+01
-1.723736899999999750e+01
-1.525064099999999989e+01
-1.300497100000000117e+01
-1.062372399999999928e+01
-8.152523000000000408e+00
-5.671683999999999948e+00
-3.393886000000000180e+00
-8.577879999999999949e-01
1.999578000000000078e+00
5.047778999999999350e+00
8.067707999999999657e+00
1.101824300000000001e+01
1.395464199999999977e+01
1.705617300000000114e+01
2.020139700000000005e+01
2.341344500000000295e+01
2.668846100000000021e+01
3.002130600000000271e+01
3.340812400000000082e+01
3.676924100000000095e+01
4.034367999999999910e+01
4.435054799999999631e+01
4.871659400000000062e+01
5.289758900000000352e+01
5.682156900000000377e+01
6.074233699999999914e+01
6.473378300000000252e+01
6.854531899999999212e+01
7.203430099999999925e+01
7.527333500000000299e+01
7.816411400000001208e+01
8.059547799999999995e+01
8.230462900000000559e+01
8.334746799999999212e+01
8.365909899999999766e+01
8.300499599999999134e+01
8.118982600000001071e+01
7.816411400000001208e+01
7.376208499999999901e+01
6.836219499999999982e+01
6.229984899999999470e+01
5.564058399999999693e+01
4.829251899999999864e+01
4.019718199999999797e+01
3.157689100000000337e+01
2.256657999999999831e+01
1.375866800000000012e+01
5.524542000000000286e+00
-2.176918999999999826e+00
-9.404187000000000296e+00
-1.609557899999999719e+01
-2.208531899999999837e+01
-2.729501700000000142e+01
-3.188595200000000318e+01
-3.608043999999999585e+01
-3.984764100000000298e+01
-4.332698500000000053e+01
-4.627623400000000231e+01
-4.885281200000000013e+01
-5.125847499999999712e+01
-5.343282299999999907e+01
-5.514647200000000282e+01
-5.643540399999999835e+01
-5.731632400000000160e+01
-5.802889800000000520e+01
-5.864444999999999908e+01
-5.909808200000000511e+01
-5.944312500000000199e+01
-5.945661800000000596e+01
-5.887640599999999580e+01
-5.786505100000000112e+01
-5.645725000000000193e+01
-5.463051399999999802e+01
-5.286032200000000358e+01
-5.168897499999999923e+01
-5.082026399999999455e+01
-5.039490299999999934e+01
-5.038526499999999686e+01
-5.083504199999999429e+01
-5.162279399999999896e+01
-5.285775199999999785e+01
-5.439213300000000118e+01
-5.584683900000000278e+01
-5.699505400000000321e+01
-5.785541299999999865e+01
-5.861103800000000064e+01
-5.904218099999999936e+01
-5.922787399999999991e+01
-5.936409199999999942e+01
-5.945083499999999788e+01
-5.941678000000000281e+01
-5.915269699999999631e+01
-5.883078600000000336e+01
-5.874404300000000489e+01
-5.875882100000000463e+01
-5.877681299999999709e+01
-5.875175400000000536e+01
-5.881600699999999904e+01
-5.903768300000000124e+01
-5.937822800000000001e+01
-5.956006599999999906e+01
-5.958769600000000111e+01
-5.948681699999999495e+01
-5.953950499999999835e+01
-5.958833800000000025e+01
-5.969050200000000217e+01
-5.988968800000000670e+01
-5.983635799999999705e+01
-5.973612200000000172e+01
-5.979909099999999711e+01
-6.001498300000000086e+01
-6.007859499999999997e+01
-6.003618699999999819e+01
-5.995137200000000632e+01
-5.984920900000000188e+01
-5.975411299999999670e+01
-5.974061999999999983e+01
-5.978045700000000551e+01
-5.974768800000000368e+01
-5.960440200000000033e+01
-5.945918800000000459e+01
-5.931847199999999987e+01
-5.904667899999999747e+01
-5.899656099999999981e+01
-5.919639000000000095e+01
-5.937630099999999800e+01
-5.962624799999999681e+01
-5.985370600000000252e+01
-6.002269400000000132e+01
-6.007216900000000237e+01
-6.002590700000000368e+01
-5.987747999999999848e+01
-5.973162399999999650e+01
-5.956135199999999941e+01
-5.940135999999999683e+01
-5.928377499999999856e+01
-5.913470600000000132e+01
-5.888218900000000389e+01
-5.844783299999999571e+01
-5.756627100000000041e+01
-5.610256899999999547e+01
-5.407407599999999803e+01
-5.142360700000000406e+01
-4.817107899999999887e+01
-4.401064500000000379e+01
-3.884913699999999892e+01
-3.305087300000000283e+01
-2.693391100000000193e+01
-2.058627699999999905e+01
-1.452585800000000127e+01
-9.494785000000000252e+00
-6.057849000000000039e+00
-4.377612000000000059e+00
-4.548526999999999987e+00
-6.685609000000000357e+00
-1.089873099999999972e+01
-1.665330200000000005e+01
-2.301764099999999758e+01
-2.923612500000000125e+01
-3.509607199999999949e+01
-4.028135400000000033e+01
-4.472064999999999912e+01
-4.837861900000000048e+01
-5.136770599999999831e+01
-5.379971299999999701e+01
-5.574595999999999663e+01
-5.710749899999999712e+01
-5.805524199999999979e+01
-5.867272099999999568e+01
-5.907302299999999917e+01
-5.957484500000000338e+01
-6.068772100000000336e+01
-6.307089400000000268e+01
-6.808847399999999084e+01
-7.724399899999998809e+01
-8.710246100000000524e+01
-8.613415600000000438e+01
-6.215720499999999760e+01
-1.096426999999999907e+01
6.319169199999999620e+01
1.499356159999999818e+02
2.365279020000000116e+02
3.097502549999999815e+02
3.580376339999999686e+02
3.729008249999999975e+02
3.502719189999999685e+02
2.923111299999999915e+02
2.069081819999999823e+02
1.064434990000000028e+02
5.952472999999999459e+00
-8.047532300000000305e+01
-1.431272830000000056e+02
-1.782323500000000251e+02
-1.891953350000000000e+02
-1.841886779999999817e+02
-1.710352809999999977e+02
-1.548542449999999917e+02
-1.386385119999999915e+02
-1.233570290000000114e+02
-1.092186209999999988e+02
-9.663194299999999259e+01
-8.581288700000000347e+01
-7.654620299999999133e+01
-6.871366399999999430e+01
-6.193552999999999997e+01
-5.642255300000000062e+01
-5.219079699999999633e+01
-4.870824100000000101e+01
-4.575128099999999876e+01
-4.322353600000000284e+01
-4.125415699999999930e+01
-3.973969499999999755e+01
-3.847646500000000458e+01
-3.721773300000000262e+01
-3.589410400000000578e+01
-3.451264700000000119e+01
-3.301232100000000003e+01
-3.142460900000000024e+01
-2.986581199999999825e+01
-2.827360300000000137e+01
-2.662741999999999720e+01
-2.472293700000000172e+01
-2.260962999999999923e+01
-2.069872099999999904e+01
-1.876596699999999984e+01
-1.659418799999999905e+01
-1.445839199999999991e+01
-1.232709300000000141e+01
-1.023498900000000056e+01
-8.029797999999999547e+00
-5.647909999999999542e+00
-3.210763000000000034e+00
-5.622209999999999708e-01
2.234105000000000008e+00
5.234758000000000244e+00
8.383193999999999591e+00
1.145067100000000160e+01
1.441855400000000031e+01
1.736202099999999859e+01
2.048282900000000240e+01
2.356508399999999881e+01
2.651626100000000008e+01
2.970967500000000072e+01
3.331881200000000121e+01
3.717725300000000033e+01
4.123423799999999773e+01
4.513058900000000051e+01
4.884381699999999427e+01
5.262386799999999454e+01
5.643347600000000597e+01
6.027456899999999962e+01
6.436046799999999735e+01
6.846114599999999939e+01
7.225726099999999974e+01
7.557275800000000743e+01
7.812684699999999793e+01
8.011614400000000558e+01
8.183814599999999473e+01
8.304804599999999937e+01
