4.486603386991291353e-01
3.597965557038136919e-01
3.025703844962111533e-01
3.119746320962697994e-01
2.882710631856247874e-01
2.585308875711105903e-01
2.516426079237876201e-01
2.351241122219364654e-01
2.446884482892427437e-01
2.500693024602574921e-01
2.609622462399154852e-01
2.504145527133974092e-01
2.927136062848962328e-01
3.553556757967538116e-01
3.874737251564730478e-01
3.737736956120072396e-01
3.393914771026187993e-01
2.923203067290117141e-01
2.946115974375916879e-01
3.363865156956890590e-01
3.820821378935556623e-01
3.617859162015658603e-01
3.358660639515584356e-01
3.291310325269574122e-01
3.267185056925746567e-01
3.185055803132892382e-01
3.101634350370543469e-01
2.851185554024379676e-01
2.680034360733468124e-01
3.066694872788228166e-01
3.838783243645321752e-01
4.224235135798616314e-01
4.346104004485505379e-01
4.248568971468581479e-01
4.422898255616831142e-01
4.267922854092812690e-01
4.216076599206539655e-01
3.927708189623124180e-01
3.233241299861143170e-01
2.794321362741892800e-01
2.704163342356707966e-01
2.682645864828366866e-01
2.594768481045964248e-01
2.298986727245974360e-01
2.154220085471051926e-01
2.472681353899921775e-01
3.342797725545371135e-01
4.021918615343272885e-01
4.389150275300970350e-01
4.598971663640621377e-01
