-9.501210500000000536e+01
-7.963424099999998873e+01
-6.474213600000000213e+01
-5.085046299999999775e+01
-3.832996599999999887e+01
-2.701615599999999873e+01
-1.691160200000000202e+01
-8.297736999999999696e+00
-1.668028999999999984e+00
3.072617000000000154e+00
5.962753000000000192e+00
7.148235999999999812e+00
6.785201999999999956e+00
4.928910000000000124e+00
1.738708000000000142e+00
-2.516822000000000337e+00
-7.580021999999999593e+00
-1.339691900000000047e+01
-1.980623600000000195e+01
-2.648413400000000095e+01
-3.300589599999999990e+01
-3.924943799999999783e+01
-4.482859599999999745e+01
-4.947093399999999974e+01
-5.331973699999999639e+01
-5.647138599999999542e+01
-5.849088300000000373e+01
-5.926128600000000546e+01
-5.867786199999999752e+01
-5.688839300000000065e+01
-5.396548699999999599e+01
-5.004150699999999574e+01
-4.521797399999999811e+01
-3.977053599999999989e+01
-3.409499800000000391e+01
-2.833785699999999963e+01
-2.238152900000000045e+01
-1.619453000000000031e+01
-1.026390299999999911e+01
-5.105608000000000146e+00
-1.073039000000000076e+00
1.653249999999999886e+00
3.311641000000000279e+00
3.985021000000000146e+00
3.262807999999999709e+00
8.597159999999999247e-01
-3.113096999999999781e+00
-8.784138000000000446e+00
-1.634424100000000024e+01
-2.558329599999999715e+01
-3.628476700000000221e+01
-4.807405599999999879e+01
-6.064531300000000158e+01
-7.437056900000000326e+01
-8.903264499999998804e+01
-1.036561690000000056e+02
-1.179230840000000029e+02
-1.319618989999999883e+02
-1.454609809999999754e+02
-1.580990620000000035e+02
-1.695625839999999869e+02
-1.796240880000000004e+02
-1.879545940000000144e+02
-1.940683439999999962e+02
-1.977108920000000012e+02
-1.991122670000000028e+02
-1.986438569999999970e+02
-1.960467179999999985e+02
-1.910895370000000071e+02
-1.838192190000000039e+02
-1.742987320000000011e+02
-1.624522580000000005e+02
-1.485805029999999931e+02
-1.334442339999999945e+02
-1.172246460000000070e+02
-9.999177500000000407e+01
-8.199813799999999731e+01
-6.353287900000000121e+01
-4.520705099999999987e+01
-2.735734300000000019e+01
-1.003258899999999976e+01
6.416385000000000005e+00
2.161241100000000159e+01
3.529975699999999961e+01
4.731264799999999582e+01
5.708693699999999893e+01
6.446905699999999229e+01
6.983232300000000237e+01
7.297818900000000042e+01
7.367727000000000714e+01
7.196554900000000998e+01
6.799659099999999512e+01
6.207238999999999862e+01
5.468769999999999953e+01
4.583609599999999773e+01
3.541220099999999604e+01
2.333505500000000055e+01
1.015402899999999953e+01
-3.479344000000000214e+00
-1.735559600000000202e+01
-3.148950599999999866e+01
-4.543900699999999659e+01
-5.862902900000000272e+01
-7.112639399999999057e+01
-8.272163600000000372e+01
-9.266041500000000042e+01
-1.009234549999999899e+02
-1.079553909999999917e+02
-1.136200070000000011e+02
-1.179237269999999995e+02
-1.209038189999999986e+02
-1.223726609999999937e+02
-1.223810139999999933e+02
-1.208106510000000071e+02
-1.178614010000000007e+02
-1.138718819999999994e+02
-1.089783119999999883e+02
-1.035103130000000107e+02
-9.786433099999999286e+01
-9.217465599999999881e+01
-8.658136199999999860e+01
-8.136331099999999594e+01
-7.661624000000000478e+01
-7.236520799999999554e+01
-6.879912099999999953e+01
-6.599701299999999549e+01
-6.413043999999999301e+01
-6.322124799999999567e+01
-6.325594499999999698e+01
-6.441251400000000160e+01
-6.690877400000000819e+01
-7.053076099999999826e+01
-7.516024799999999573e+01
-8.046311500000000194e+01
-8.603584800000000143e+01
-9.162528600000000267e+01
-9.709328499999999451e+01
-1.021442770000000024e+02
-1.070751139999999992e+02
-1.117996970000000090e+02
-1.157699390000000079e+02
-1.188303480000000008e+02
-1.209166689999999988e+02
-1.217416879999999964e+02
-1.210702359999999942e+02
-1.187005559999999917e+02
-1.147759329999999949e+02
-1.092391819999999996e+02
-1.019502310000000023e+02
-9.339933399999999608e+01
-8.376576099999999769e+01
-7.310798200000000691e+01
-6.132254799999999761e+01
-4.876864000000000487e+01
-3.590631199999999978e+01
-2.258906800000000104e+01
-9.052719000000001515e+00
4.286370999999999931e+00
1.704011000000000209e+01
2.904914600000000036e+01
3.997807600000000150e+01
4.946193799999999641e+01
5.701690100000000427e+01
6.251317100000000693e+01
6.600343800000000272e+01
6.748127600000000825e+01
6.700708299999999440e+01
6.451981800000000078e+01
5.999891999999999825e+01
5.345724000000000586e+01
4.467374399999999923e+01
3.354177199999999459e+01
2.062740000000000151e+01
6.464575999999999212e+00
-8.826544999999999419e+00
-2.510524700000000209e+01
-4.192689399999999722e+01
-5.890018000000000598e+01
-7.614525900000001002e+01
-9.322070800000000190e+01
-1.097757020000000097e+02
-1.255101740000000063e+02
-1.397687360000000183e+02
-1.523232879999999909e+02
-1.633569510000000093e+02
-1.729031400000000076e+02
-1.805641210000000001e+02
-1.857924529999999947e+02
-1.885868509999999958e+02
-1.893212720000000218e+02
-1.880522599999999898e+02
-1.848819770000000062e+02
-1.795906760000000020e+02
-1.723499139999999841e+02
-1.631551949999999920e+02
-1.526220680000000129e+02
-1.413198230000000137e+02
-1.294052399999999921e+02
-1.166335109999999986e+02
-1.032494429999999994e+02
-8.982039699999999982e+01
-7.670426700000000153e+01
-6.395888199999999557e+01
-5.200960200000000100e+01
-4.129142399999999924e+01
-3.180177900000000335e+01
-2.346227800000000130e+01
-1.618489100000000036e+01
-1.036606699999999925e+01
-6.160655000000000214e+00
-3.639336000000000126e+00
-2.551518999999999870e+00
-2.795040999999999887e+00
-4.091682000000000485e+00
-6.386186000000000362e+00
-9.826335000000000264e+00
-1.424121400000000115e+01
-1.945541000000000054e+01
-2.520227099999999965e+01
-3.113739499999999794e+01
-3.713420299999999941e+01
-4.272364100000000064e+01
-4.748549099999999612e+01
-5.140625800000000112e+01
-5.485219000000000023e+01
-5.755534800000000217e+01
-5.920217299999999483e+01
-5.968407600000000457e+01
-5.896250599999999764e+01
-5.732660400000000323e+01
-5.468063200000000279e+01
-5.118201299999999776e+01
-4.712824000000000524e+01
-4.253987599999999958e+01
-3.746703700000000481e+01
-3.215903000000000134e+01
-2.685359400000000107e+01
-2.134896999999999778e+01
-1.599855500000000141e+01
-1.123028000000000048e+01
-7.247187000000000268e+00
-4.355122999999999855e+00
-2.617057999999999662e+00
-2.088248999999999800e+00
-2.896562000000000303e+00
-5.043281000000000347e+00
-8.777070000000000149e+00
-1.413005500000000048e+01
-2.109323999999999799e+01
-2.948414400000000057e+01
-3.899820600000000326e+01
-4.933471600000000024e+01
-6.070057200000000108e+01
-7.341575699999999927e+01
-8.685893899999999235e+01
-1.001312049999999942e+02
-1.128187620000000067e+02
-1.252210320000000081e+02
-1.373984130000000050e+02
-1.488876369999999838e+02
-1.591097750000000133e+02
-1.679498140000000035e+02
-1.754302419999999927e+02
-1.814572489999999902e+02
-1.855759180000000015e+02
-1.874277129999999829e+02
-1.871649149999999793e+02
-1.849642220000000066e+02
-1.806637139999999988e+02
-1.739543319999999937e+02
-1.649073960000000056e+02
-1.540838420000000042e+02
-1.417349030000000027e+02
-1.279704520000000088e+02
-1.129421290000000084e+02
-9.701232600000000161e+01
-8.043291599999999164e+01
-6.331184600000000273e+01
-4.633856099999999856e+01
-2.989215599999999995e+01
-1.400475999999999921e+01
1.204758999999999913e+00
1.521915700000000093e+01
2.781740100000000027e+01
3.888511900000000310e+01
4.833878199999999481e+01
5.577680200000000355e+01
6.103404900000000310e+01
6.401285499999998763e+01
6.450375400000000070e+01
6.291218799999999334e+01
5.952215699999999998e+01
5.439341799999999694e+01
4.732614200000000437e+01
3.851501700000000028e+01
2.835135000000000005e+01
1.708380199999999860e+01
4.957824000000000453e+00
-7.714312000000000502e+00
-2.061069399999999874e+01
-3.363237000000000165e+01
-4.634691400000000527e+01
-5.840221300000000326e+01
-7.007648700000000019e+01
-8.101955299999998772e+01
-9.069296400000000347e+01
-9.893094400000001087e+01
-1.058273049999999955e+02
-1.111989240000000052e+02
-1.149719070000000016e+02
-1.172921120000000030e+02
-1.184808080000000103e+02
-1.184698839999999933e+02
-1.171256950000000074e+02
-1.145683930000000004e+02
-1.109900990000000007e+02
-1.064576349999999962e+02
-1.013481720000000053e+02
-9.604723299999999142e+01
-9.084074699999999325e+01
-8.591890600000000688e+01
-8.107481099999999685e+01
-7.612469800000000930e+01
-7.148043299999999078e+01
-6.773957599999999957e+01
-6.502742299999999886e+01
-6.354765800000000553e+01
-6.332791000000000281e+01
-6.475498699999999985e+01
-6.825938899999999876e+01
-7.372867300000000057e+01
-8.119175300000000561e+01
-9.009797299999999609e+01
-1.000373950000000036e+02
-1.107992649999999912e+02
-1.221477720000000033e+02
-1.337083169999999939e+02
-1.447156370000000152e+02
-1.549615489999999909e+02
-1.640007749999999760e+02
-1.715878639999999962e+02
-1.773771319999999889e+02
-1.808969559999999888e+02
-1.816121009999999956e+02
-1.794191179999999974e+02
-1.742010659999999973e+02
-1.658866240000000118e+02
-1.544937809999999843e+02
-1.404819540000000018e+02
-1.240843819999999909e+02
-1.052972110000000043e+02
-8.439866100000000415e+01
-6.183208099999999519e+01
-3.825414700000000323e+01
-1.393793600000000055e+01
1.078178899999999985e+01
3.536850799999999850e+01
5.925550300000000448e+01
8.193131400000000042e+01
1.029140380000000050e+02
1.214615420000000086e+02
1.374845139999999901e+02
1.506783900000000074e+02
1.605272140000000149e+02
1.664623379999999884e+02
1.683886669999999981e+02
1.665902030000000025e+02
1.611626840000000129e+02
1.521151049999999998e+02
1.394802370000000167e+02
1.231533440000000041e+02
1.034428470000000004e+02
8.100220399999999188e+01
5.624071499999999446e+01
2.947450600000000165e+01
1.186768000000000045e+00
-2.796711200000000019e+01
-5.739921100000000109e+01
-8.667902800000000241e+01
-1.152494839999999954e+02
-1.426132519999999886e+02
-1.682267480000000148e+02
-1.915123269999999991e+02
-2.122007680000000107e+02
-2.300890280000000132e+02
-2.447633120000000133e+02
-2.560225070000000187e+02
-2.636153789999999617e+02
-2.676016860000000293e+02
-2.682448660000000018e+02
-2.654498259999999732e+02
-2.593386459999999829e+02
-2.499865039999999965e+02
-2.378663090000000011e+02
-2.232286489999999901e+02
-2.063832280000000026e+02
-1.879121860000000197e+02
-1.681792000000000087e+02
-1.475299540000000036e+02
-1.265645790000000090e+02
-1.057328520000000083e+02
-8.554366400000000681e+01
-6.602335700000000429e+01
-4.770780899999999747e+01
-3.091186400000000134e+01
-1.596514300000000119e+01
-3.313569000000000209e+00
7.253612000000000393e+00
1.572547700000000148e+01
2.195681099999999830e+01
2.576256400000000113e+01
2.713373999999999953e+01
2.643787100000000123e+01
2.377005300000000076e+01
1.921702900000000014e+01
1.320479999999999876e+01
6.465860999999999414e+00
-7.838959999999999262e-01
-8.599729999999999208e+00
-1.694694199999999995e+01
-2.556337700000000268e+01
-3.391444400000000314e+01
-4.104790200000000056e+01
-4.676777599999999779e+01
-5.129124399999999895e+01
-5.475645199999999591e+01
-5.704196000000000311e+01
-5.786697900000000061e+01
-5.725785299999999722e+01
-5.512591100000000210e+01
-5.165877599999999603e+01
-4.708004999999999995e+01
-4.153366100000000216e+01
-3.503310300000000410e+01
-2.796325699999999870e+01
-2.069615100000000041e+01
-1.324784999999999968e+01
-5.678109000000000073e+00
1.473981999999999903e+00
7.765715000000000146e+00
1.288481600000000071e+01
1.656912899999999667e+01
1.868115200000000087e+01
1.897286399999999773e+01
1.749502700000000033e+01
1.421615499999999876e+01
8.783495000000000275e+00
1.439928000000000097e+00
-7.513840000000000074e+00
-1.832647100000000151e+01
-3.111747599999999991e+01
-4.540174000000000376e+01
-6.085478099999999557e+01
-7.737314899999999795e+01
-9.413118500000000211e+01
-1.109393379999999922e+02
-1.281105259999999930e+02
-1.451634860000000060e+02
-1.613991379999999936e+02
-1.761865090000000009e+02
-1.895050379999999848e+02
-2.011086329999999975e+02
-2.105584410000000162e+02
-2.176070830000000171e+02
-2.221530400000000043e+02
-2.242425739999999905e+02
-2.235357819999999833e+02
-2.200063200000000165e+02
-2.136972390000000246e+02
-2.046425930000000051e+02
-1.933127189999999871e+02
-1.798900989999999922e+02
-1.639596520000000055e+02
-1.458555000000000064e+02
-1.263621799999999951e+02
-1.059558129999999920e+02
-8.501999499999999443e+01
-6.362026499999999629e+01
-4.242678899999999942e+01
-2.174670100000000161e+01
-1.907696000000000058e+00
1.684670600000000107e+01
3.426912499999999540e+01
4.995926299999999998e+01
6.330028099999999824e+01
7.418551800000000185e+01
8.291054200000000662e+01
8.944001400000000501e+01
9.319372200000000817e+01
9.403480399999999406e+01
9.211104500000000428e+01
8.755673500000000331e+01
8.048753100000000416e+01
7.136541800000000535e+01
6.059005499999999955e+01
4.842295399999999717e+01
3.478636900000000054e+01
1.995787500000000136e+01
4.342915000000000525e+00
-1.154062599999999961e+01
