-9.115219354375558680e+01
-9.899965116056519321e+01
-1.052676104945760187e+02
-1.098817460834345781e+02
-1.127631787984068126e+02
-1.138323104676246089e+02
-1.131203386580279897e+02
-1.106163850920143830e+02
-1.063413426675450069e+02
-1.003904809080491987e+02
-9.286764557272019260e+01
-8.385224211405478911e+01
-7.351693202312459618e+01
-6.202383614520717714e+01
-4.954403297266919282e+01
-3.627596707400580556e+01
-2.242177131146759095e+01
-8.226182058082800452e+00
6.146238853138799918e+00
2.040096326992559739e+01
3.433264855310039820e+01
4.774701933136979193e+01
6.039445218467878362e+01
7.210381887460017936e+01
8.268348064563420508e+01
9.196274093881199008e+01
9.981676279816676356e+01
1.060783972226285954e+02
1.106962703292306145e+02
1.135764575281427824e+02
1.146491350398779900e+02
1.139315089602780091e+02
1.114248713444460037e+02
1.071520331850755952e+02
1.012109476079238135e+02
9.369367085414880592e+01
8.468315511374639470e+01
7.436528910918180202e+01
6.286764016153799162e+01
5.039473841586301006e+01
3.713251890991980275e+01
2.327621434698659897e+01
9.086183824319400415e+00
-5.265199201921799244e+00
-1.953497094434939640e+01
-3.346397255061479115e+01
-4.687848719717639767e+01
-5.954432258756278173e+01
-7.126729859143920010e+01
-8.185419666161821795e+01
