4.475885021579999901e+00
2.956765628279999891e+00
1.912075981140000103e+00
1.341808621979999838e+00
9.009257694599999144e-01
7.331987594399999031e-01
5.175529429199999809e-01
5.894348817600000290e-01
1.916752259999999694e-02
-2.947181866979999842e+00
-8.352743941920000026e+00
-1.745306601431999738e+01
-3.776705258574000368e+01
-5.082569927862000014e+01
-1.269444138893999963e+01
6.312238846998000241e+01
1.588315044867599681e+02
2.604397723890599536e+02
3.522480588949800335e+02
4.204357672682999691e+02
4.544840967242399756e+02
4.473150181555799350e+02
3.964605675930599773e+02
3.085051768751399663e+02
1.968956685891599818e+02
7.854837336755998933e+01
-2.859005296476000169e+01
-1.078907926143599951e+02
-1.499707913632199734e+02
-1.598522310015599999e+02
-1.408896368134199975e+02
-1.167754688702400045e+02
-9.591517061381999554e+01
-7.707238462920000188e+01
-6.068318324279999132e+01
-4.630668360210000145e+01
-3.392373310085999805e+01
-2.324678906735999817e+01
-1.433336152757999749e+01
-6.790493893679999893e+00
-6.421492980000000905e-01
4.399207473000000590e+00
8.357532093479999702e+00
1.151077601567999764e+01
1.388769052349999811e+01
1.569433767215999964e+01
1.714636327818000083e+01
1.833961241273999931e+01
1.942743271481999656e+01
2.059672617521999527e+01
2.183309850653999717e+01
2.317970273826000138e+01
2.462214458297999897e+01
2.612688460523999723e+01
2.775622098258000037e+01
2.942389240511999660e+01
3.114427824390000055e+01
3.292217410865999483e+01
3.474319317017999964e+01
3.654504470909999725e+01
3.845232508050000320e+01
4.034523353903999521e+01
4.228126519434000130e+01
4.428439063692000133e+01
4.631147921184000182e+01
4.842961724820000313e+01
5.062442537495999773e+01
5.286715976640000036e+01
5.518177609667999661e+01
5.765453567567999471e+01
6.012728779649998501e+01
6.271984812083999117e+01
6.538908599376000552e+01
6.815416147967999905e+01
7.102946140781999418e+01
7.397664327479999713e+01
7.701967021296000837e+01
8.014416285125999195e+01
8.333574181865998298e+01
8.662316585723999651e+01
8.997288807335999650e+01
9.342325097039999093e+01
9.687360640925999178e+01
1.004102231579999938e+02
1.039324679938799960e+02
1.074978360265199910e+02
1.110727878204599932e+02
1.145998208079000023e+02
1.181220656437800045e+02
1.215580491697799914e+02
1.248550569696599979e+02
1.278932882980799661e+02
1.305529424096999946e+02
1.326758685976199956e+02
1.341566454875400041e+02
1.348131741565799757e+02
1.345879445787599877e+02
1.333276016569199669e+02
1.308500539263600047e+02
1.270929957513599788e+02
1.221283165289399903e+02
1.161429033335399907e+02
1.093044831751799961e+02
1.018382930898599881e+02
9.390725701968000294e+01
8.567432128127998681e+01
7.743658993313999872e+01
6.929470365617999050e+01
6.145951265717999945e+01
5.416104212369999971e+01
4.741367888495999949e+01
4.122699178589999747e+01
3.557223700080000128e+01
3.042545139731999271e+01
2.579621873676000021e+01
2.166058334495999560e+01
1.791790454099999863e+01
1.466401993787999913e+01
1.183185066467999924e+01
9.387849827759998433e+00
7.279295552699998950e+00
5.544537801059999715e+00
4.126051630499999234e+00
2.947181866979999842e+00
2.070211771679999924e+00
1.447229996279999931e+00
9.919752309000000601e-01
6.948637142399999300e-01
5.415160752600000071e-01
4.983854203199999389e-01
6.421492980000000905e-01
1.667671422539999782e+00
2.760287334359999623e+00
3.915201423720000129e+00
5.372015181299999220e+00
6.871967051999999576e+00
8.256898870739998841e+00
9.248874101639998457e+00
9.675377583119997738e+00
9.421396721399998953e+00
8.534842864799999873e+00
7.207413613860000012e+00
5.731432333679999935e+00
4.279399269479998935e+00
3.047815089719999815e+00
2.003125442580000026e+00
8.482113532199999639e-01
5.031735718800000035e-01
5.175529429199999809e-01
5.031735718800000035e-01
5.175529429199999809e-01
5.223485526599999096e-01
5.223485526599999096e-01
5.271367042200000297e-01
5.223485526599999096e-01
5.271367042200000297e-01
5.510998365599999449e-01
5.175529429199999809e-01
5.558879881199999540e-01
5.415160752600000071e-01
5.606835978599999937e-01
5.367204655199999674e-01
5.175529429199999809e-01
5.175529429199999809e-01
5.319323139600000694e-01
5.223485526599999096e-01
5.127647913599999718e-01
5.079691816199999321e-01
5.079691816199999321e-01
5.223485526599999096e-01
5.175529429199999809e-01
5.031735718800000035e-01
4.935898105799998992e-01
4.935898105799998992e-01
5.175529429199999809e-01
5.127647913599999718e-01
5.223485526599999096e-01
5.415160752600000071e-01
5.415160752600000071e-01
5.463042268200000162e-01
5.510998365599999449e-01
5.079691816199999321e-01
5.223485526599999096e-01
5.175529429199999809e-01
5.079691816199999321e-01
5.271367042200000297e-01
5.079691816199999321e-01
5.223485526599999096e-01
4.983854203199999389e-01
5.079691816199999321e-01
5.223485526599999096e-01
5.031735718800000035e-01
5.127647913599999718e-01
5.175529429199999809e-01
5.463042268200000162e-01
5.127647913599999718e-01
5.846467302000000199e-01
6.948637142399999300e-01
8.721744855599999902e-01
1.222000418459999960e+00
1.782684016319999953e+00
2.669237872919999699e+00
4.058965301399999781e+00
6.071674505279999856e+00
8.903843778479998861e+00
1.268485762763999780e+01
1.742430727224000009e+01
2.310782079942000067e+01
2.948619058265999726e+01
3.620001438594000120e+01
4.277006685335999236e+01
4.846316414183999655e+01
5.278089845651999923e+01
5.520573922901999708e+01
5.548368322307999279e+01
5.358119100324000073e+01
4.965640581821999433e+01
4.423167622067999361e+01
3.783893452457999729e+01
3.112031511155999652e+01
2.462214458297999897e+01
1.872298523927999625e+01
1.376309416841999855e+01
9.732887609099998727e+00
6.694656280680000293e+00
4.451921889239999430e+00
2.961561238019999820e+00
1.936031655299999876e+00
1.337013012239999910e+00
9.392608146600001096e-01
7.811250241200000666e-01
5.463042268200000162e-01
5.990186430599999667e-01
4.313065493999999889e-02
-2.899263060479999599e+00
-8.309613286979999458e+00
-1.740035159808000031e+01
-3.769516318871999516e+01
-5.078735677523999215e+01
-1.278070269881999899e+01
6.299779211489999398e+01
1.586925287606399877e+02
2.603151760339799807e+02
3.521426300624999612e+02
4.204022203746599757e+02
4.544840967242399756e+02
4.474156513783199784e+02
3.965899595578800358e+02
3.087687489563400050e+02
1.971256937767199702e+02
7.875922357433999821e+01
-2.842232595473999979e+01
-1.078093269142200086e+02
-1.499420400793199804e+02
-1.598857778951999933e+02
-1.409423512296600052e+02
-1.168138039154399905e+02
-9.591038246225998876e+01
-7.708196839049999483e+01
-6.072630643955999119e+01
-4.631147921184000182e+01
-3.387101868462000454e+01
-2.324678906735999817e+01
-1.434774089861999968e+01
-6.819252635759999848e+00
-6.469449077400000192e-01
4.394411863260000217e+00
8.343160180619998201e+00
1.150598786411999974e+01
1.388290237194000021e+01
1.572788456580000016e+01
1.716553080078000093e+01
1.840191059027999998e+01
1.946577521819999745e+01
2.062068184937999860e+01
2.182831035497999750e+01
2.318928649955999788e+01
2.461256082167999537e+01
2.614605212783999733e+01
2.772267408893999985e+01
2.940951303407999617e+01
3.113948263416000017e+01
3.290299912787999403e+01
3.472402564757999954e+01
3.654504470909999725e+01
3.840920188373999622e+01
4.031648225514000217e+01
4.226209767173999410e+01
4.427001872405999450e+01
4.633544234417999519e+01
4.845836853209999617e+01
5.065317665885999787e+01
5.285757600510000032e+01
5.522011114187999681e+01
5.765932382723999439e+01
6.013687155779999216e+01
6.273422749187999159e+01
6.541304912609999178e+01
6.813978956681999932e+01
7.102467325625998740e+01
