-2.563730000000000175e-01
-1.067255999999999982e+00
-2.164711000000000052e+00
-3.151648999999999923e+00
-4.062767999999999269e+00
-4.995732999999999535e+00
-5.794407999999999781e+00
-6.398393999999999693e+00
-6.709382999999999875e+00
-6.860379000000000005e+00
-6.720305999999999891e+00
-6.354058999999999457e+00
-5.714733999999999980e+00
-4.738718000000000430e+00
-3.626485000000000181e+00
-2.141578999999999677e+00
-6.611719999999999819e-01
9.117619999999999614e-01
2.875358000000000303e+00
4.544029000000000096e+00
6.077767999999999837e+00
7.684755000000000003e+00
8.827830999999999761e+00
9.755656000000000105e+00
1.024398399999999931e+01
1.064042999999999850e+01
1.057810399999999973e+01
1.002295100000000083e+01
9.092556000000000083e+00
7.930846999999999980e+00
6.363055000000000128e+00
4.436082999999999998e+00
2.346548999999999996e+00
2.756489999999999774e-01
-2.319561999999999902e+00
-4.461142000000000607e+00
-6.713237999999999595e+00
-8.641495000000000815e+00
-1.029860000000000042e+01
-1.164793000000000056e+01
-1.278522300000000023e+01
-1.314440100000000022e+01
-1.325877299999999970e+01
-1.298762200000000000e+01
-1.199233100000000007e+01
-1.053505400000000058e+01
-9.038582999999999146e+00
-6.832106999999999708e+00
-4.609567999999999444e+00
-1.919904000000000055e+00
7.318510000000000293e-01
3.481914000000000176e+00
6.021224000000000132e+00
8.505276000000000280e+00
1.052027600000000085e+01
1.225191599999999958e+01
1.359096500000000063e+01
1.460424800000000012e+01
1.475845700000000171e+01
1.450722500000000004e+01
1.396813500000000019e+01
1.263679600000000036e+01
1.107414399999999866e+01
8.950555000000001371e+00
6.449797000000000224e+00
3.889282999999999824e+00
1.146930000000000005e+00
-1.768907000000000007e+00
-4.456643999999999828e+00
-6.975392999999999510e+00
-9.300739000000000090e+00
-1.139476999999999940e+01
-1.297027299999999883e+01
-1.405551999999999957e+01
-1.460553300000000121e+01
-1.475331700000000090e+01
-1.425277900000000031e+01
-1.340784200000000048e+01
-1.184647399999999884e+01
-1.007756700000000016e+01
-7.791417000000000037e+00
-5.536107999999999585e+00
-2.850299000000000138e+00
-1.734850000000000003e-01
2.534812999999999761e+00
5.185281999999999947e+00
7.380192000000000085e+00
9.242267999999999262e+00
1.102209799999999973e+01
1.242411600000000149e+01
1.299790299999999910e+01
1.341812300000000135e+01
1.312640999999999991e+01
1.257511299999999999e+01
1.158817400000000042e+01
9.897014000000000422e+00
8.225771999999999196e+00
6.133026000000000089e+00
4.035782000000000203e+00
1.635901999999999967e+00
-7.119320000000000093e-01
-2.850941000000000169e+00
-4.835741999999999763e+00
-6.654124000000000372e+00
-8.184649999999999537e+00
-9.268612000000000961e+00
-1.022727800000000009e+01
-1.060059299999999993e+01
-1.071368000000000009e+01
-1.017780299999999905e+01
-9.591808000000000334e+00
-8.462868999999999531e+00
-7.220843000000000345e+00
-5.661402999999999963e+00
-3.999798999999999882e+00
-2.259164000000000172e+00
-6.534610000000000696e-01
1.075609000000000037e+00
2.527744999999999909e+00
3.862939000000000345e+00
5.088259000000000754e+00
5.902355000000000018e+00
6.530756999999999479e+00
6.884794999999999554e+00
6.903429000000000038e+00
6.623282000000000558e+00
6.243542000000000591e+00
5.775131999999999266e+00
4.842808999999999919e+00
3.904704000000000175e+00
2.995512000000000175e+00
2.050981999999999861e+00
1.028702999999999923e+00
3.726700000000000151e-02
-8.211640000000000050e-01
-1.527956000000000092e+00
-2.016284000000000187e+00
-2.514250999999999792e+00
-2.489192000000000071e+00
-2.615129999999999733e+00
-2.653040000000000287e+00
-2.344621000000000066e+00
-2.223824000000000023e+00
-1.677024000000000070e+00
-1.346759999999999957e+00
-9.605940000000000589e-01
-6.759500000000000508e-01
-4.407810000000000339e-01
-1.587070000000000147e-01
1.285099999999999958e-02
-1.734899999999999984e-02
-2.569999999999999802e-03
-2.775759999999999894e-01
-5.018219999999999903e-01
-8.956979999999999942e-01
-1.342905000000000015e+00
-1.671883999999999926e+00
-2.104954999999999909e+00
-2.281652999999999931e+00
-2.572080000000000144e+00
-2.689664000000000055e+00
-2.660749999999999726e+00
-2.566297000000000050e+00
-2.197480000000000100e+00
-1.721359000000000083e+00
-1.064043000000000072e+00
-3.790970000000000173e-01
6.470360000000000555e-01
1.633974000000000038e+00
2.570152000000000214e+00
3.453641999999999879e+00
4.580654000000000003e+00
5.304152000000000200e+00
6.120175000000000587e+00
6.441443999999999726e+00
6.914995000000000225e+00
6.776206000000000174e+00
6.704241999999999813e+00
6.193424000000000262e+00
5.545104000000000255e+00
4.309503000000000306e+00
3.075829999999999842e+00
1.727784999999999904e+00
3.212699999999999584e-02
-1.609558000000000044e+00
-3.192772000000000165e+00
-4.897425000000000139e+00
-6.586657999999999902e+00
-7.848602999999998886e+00
-8.971758999999998707e+00
-1.000239000000000011e+01
-1.052091799999999999e+01
-1.061665700000000001e+01
-1.044317099999999954e+01
-9.796134999999999593e+00
-8.712816000000000116e+00
-7.302445000000000519e+00
-5.715376000000000012e+00
-3.719652999999999654e+00
-1.718146999999999869e+00
6.200489999999999613e-01
3.132372999999999852e+00
5.169861000000000040e+00
7.168154999999999610e+00
9.097697000000000145e+00
1.075351700000000044e+01
1.213240399999999930e+01
1.295870799999999967e+01
1.352863900000000008e+01
1.331210399999999971e+01
1.265478700000000067e+01
1.168198500000000095e+01
1.028510700000000000e+01
8.315728000000000009e+00
6.107324000000000197e+00
3.650900999999999730e+00
9.599520000000000275e-01
-1.669955999999999996e+00
-4.270307999999999993e+00
-6.830180000000000362e+00
-9.124041000000000068e+00
-1.120522099999999988e+01
-1.271839899999999979e+01
-1.385504800000000003e+01
-1.465436599999999956e+01
-1.478094600000000014e+01
-1.441148600000000002e+01
-1.347852100000000064e+01
-1.213690199999999919e+01
-1.032044600000000045e+01
-8.139672000000000907e+00
-5.534179999999999211e+00
-2.863150000000000084e+00
-5.140300000000000424e-02
2.780905000000000182e+00
5.373546000000000156e+00
7.877517000000000991e+00
1.021249999999999858e+01
1.196213100000000118e+01
1.349201399999999929e+01
1.427848100000000109e+01
1.474560600000000044e+01
1.473146999999999984e+01
1.399961899999999915e+01
1.284883400000000009e+01
1.136200099999999935e+01
9.406757000000000701e+00
7.146307999999999439e+00
4.595431999999999739e+00
1.918619000000000074e+00
-7.369909999999999517e-01
-3.303288000000000224e+00
-5.886290999999999940e+00
-8.178225000000001188e+00
-9.937493999999999161e+00
-1.143524999999999991e+01
-1.251664199999999916e+01
-1.325363300000000066e+01
-1.321957799999999850e+01
-1.298183900000000079e+01
-1.210220499999999966e+01
-1.097133800000000114e+01
-9.353426999999999936e+00
-7.454727000000000103e+00
-5.285518000000000605e+00
-3.134300999999999782e+00
-9.284679999999999600e-01
1.316560999999999870e+00
3.550022999999999929e+00
5.516189000000000675e+00
7.272245999999999988e+00
8.682617000000000473e+00
9.807059000000000637e+00
1.026261799999999980e+01
1.063400500000000015e+01
1.052991399999999977e+01
9.878380000000001715e+00
9.265399000000000385e+00
8.065780000000000172e+00
6.746649999999999814e+00
5.051633999999999958e+00
3.577008999999999883e+00
1.784971000000000085e+00
5.011799999999999589e-02
-1.473981999999999903e+00
-2.870859999999999967e+00
-4.305004999999999526e+00
-5.306721999999999717e+00
-6.215912999999999577e+00
-6.581516999999999840e+00
-6.922062999999999633e+00
-6.861664000000000208e+00
-6.559671000000000696e+00
-5.970463999999999771e+00
-5.411456000000000266e+00
-4.553666999999999909e+00
-3.463922999999999863e+00
-2.604848999999999748e+00
-1.696943000000000090e+00
-5.577229999999999688e-01
2.615129999999999955e-01
1.062114999999999920e+00
1.684092000000000144e+00
2.268159000000000258e+00
2.633763999999999772e+00
2.617700000000000138e+00
2.965312999999999644e+00
2.530314999999999870e+00
2.430079000000000100e+00
2.079895999999999745e+00
1.820309999999999873e+00
1.262586999999999904e+00
9.181869999999999754e-01
6.560309999999999198e-01
2.595850000000000102e-01
1.233670000000000183e-01
1.150139999999999912e-01
7.196400000000000019e-02
2.068969999999999976e-01
3.386180000000000301e-01
6.329000000000000181e-01
9.901510000000001144e-01
1.491972999999999994e+00
1.763124000000000136e+00
2.157000000000000028e+00
2.424296000000000006e+00
2.678741000000000039e+00
2.705728000000000133e+00
2.605491999999999919e+00
2.432007000000000030e+00
2.122303000000000051e+00
1.428362000000000132e+00
8.545760000000000023e-01
3.213000000000000144e-03
-8.140960000000000418e-01
-1.820309999999999873e+00
-2.863792000000000115e+00
-3.874505000000000088e+00
-4.792690999999999590e+00
-5.538677999999999990e+00
-6.197280000000000122e+00
-6.643844000000000527e+00
-6.812831000000000081e+00
-6.868089000000000333e+00
-6.582803000000000182e+00
-5.813042000000000264e+00
-5.163436000000000803e+00
-3.941329000000000526e+00
-2.579147999999999996e+00
-1.157210999999999990e+00
4.562019999999999964e-01
2.180773999999999990e+00
3.949038999999999522e+00
5.589438999999999602e+00
7.095547999999999966e+00
8.471222000000000918e+00
9.414468000000001169e+00
1.025233700000000070e+01
1.048622100000000046e+01
1.068026799999999987e+01
1.033072699999999955e+01
9.483861999999998460e+00
8.390905000000000058e+00
6.856524000000000285e+00
5.103037000000000489e+00
3.085468000000000099e+00
9.760149999999999659e-01
-1.331339000000000050e+00
-3.528818999999999928e+00
-5.827177999999999969e+00
-8.042006000000000654e+00
-9.802560999999998970e+00
-1.142432699999999990e+01
-1.228147300000000008e+01
-1.310584899999999919e+01
-1.332109900000000025e+01
-1.309171300000000038e+01
-1.235279399999999939e+01
-1.111141100000000037e+01
-9.562252000000000862e+00
-7.601224999999999454e+00
-5.261102000000000167e+00
-2.755846000000000018e+00
-1.509959999999999913e-01
2.591999000000000386e+00
5.185925000000000118e+00
7.555604999999999905e+00
9.826335000000000264e+00
1.181049199999999999e+01
1.321829300000000096e+01
1.420009100000000046e+01
1.470127100000000020e+01
1.473532600000000059e+01
1.424314100000000138e+01
1.301653600000000033e+01
1.155090699999999870e+01
9.580243000000001174e+00
7.235621000000000080e+00
4.796547000000000338e+00
1.966166000000000080e+00
-7.485569999999999169e-01
-3.472918000000000394e+00
-6.357272000000000034e+00
-8.702536000000000271e+00
-1.071753499999999981e+01
-1.246523899999999863e+01
-1.383641499999999880e+01
-1.449565899999999985e+01
-1.470833900000000050e+01
-1.441212899999999841e+01
-1.358389699999999856e+01
-1.249672299999999936e+01
-1.063464800000000032e+01
-8.699322999999999695e+00
-6.221054000000000528e+00
-3.566085999999999867e+00
-1.112233000000000027e+00
1.605703000000000102e+00
4.291511999999999993e+00
6.634205999999999825e+00
8.736590000000001410e+00
1.066613199999999928e+01
1.196791400000000039e+01
1.279228999999999949e+01
1.326519799999999982e+01
1.325941599999999987e+01
1.292786599999999986e+01
1.184261900000000090e+01
1.056846600000000080e+01
8.877305999999999031e+00
6.832106999999999708e+00
4.664826000000000583e+00
2.456423000000000023e+00
1.914760000000000073e-01
-2.165353000000000083e+00
-4.292797000000000196e+00
-6.179930999999999841e+00
-7.702746000000000315e+00
-8.946699999999999875e+00
-9.983756999999998882e+00
-1.046116199999999985e+01
-1.060958900000000149e+01
-1.044124400000000108e+01
-9.794208000000001135e+00
-8.855460000000000775e+00
-7.666764000000000578e+00
-6.288520000000000110e+00
-4.540816999999999659e+00
-2.929974000000000078e+00
-1.152070999999999845e+00
4.896139999999999937e-01
1.999578000000000078e+00
3.388746000000000258e+00
4.701450999999999603e+00
5.578516000000000474e+00
6.364982000000000362e+00
6.738297000000000203e+00
6.979249000000000258e+00
6.857165999999999428e+00
6.578304999999999403e+00
6.044998000000000538e+00
5.070268000000000441e+00
4.349339999999999762e+00
3.406737000000000126e+00
2.259164000000000172e+00
1.331981000000000082e+00
3.450429999999999886e-01
-5.737859999999999072e-01
-1.214397000000000171e+00
-1.937894999999999923e+00
-2.333698000000000050e+00
-2.609989999999999810e+00
-2.699302000000000312e+00
-2.629265999999999881e+00
-2.560513999999999957e+00
-2.400522000000000045e+00
-2.032990000000000297e+00
-1.540163999999999866e+00
-1.130223999999999895e+00
-8.475079999999999281e-01
-4.613420000000000298e-01
-1.567790000000000017e-01
-7.067999999999999630e-03
-6.039900000000000130e-02
-1.092300000000000042e-02
-1.683449999999999946e-01
-3.893780000000000019e-01
-6.463929999999999954e-01
-1.109663000000000066e+00
-1.530525999999999831e+00
-1.811315000000000008e+00
-2.239888000000000101e+00
-2.358115000000000183e+00
-2.619628000000000068e+00
-2.718579000000000079e+00
-2.623482999999999787e+00
-2.229607000000000117e+00
-1.912835999999999981e+00
-1.306279999999999886e+00
-5.795690000000000008e-01
