-2.680829857400000193e+01
-6.413767519999999944e-01
2.550704012600000326e+01
5.129777793600000280e+01
7.624978491800001734e+01
9.999303897600000823e+01
1.221883659860000080e+02
1.424657246559999919e+02
1.605352745820000280e+02
1.760516413320000311e+02
1.887989946799999927e+02
1.985614852040000358e+02
2.051911021460000200e+02
2.086631690479999861e+02
2.087556745720000322e+02
2.056351248220000230e+02
1.992275288160000173e+02
1.896993926580000220e+02
1.772233939660000317e+02
1.619475338999999963e+02
1.441185002560000328e+02
1.240014857740000167e+02
1.019788459800000169e+02
7.831575441800001158e+01
5.345008144599999866e+01
2.772102998200000457e+01
1.578775020000000140e+00
-2.456965145600000255e+01
-5.034804623800000911e+01
-7.533089159399999346e+01
-9.912347937199999137e+01
-1.213434732420000017e+02
-1.415838316220000195e+02
-1.596780484080000235e+02
-1.751635863820000338e+02
-1.879109397300000239e+02
-1.976672587399999941e+02
-2.043462094020000279e+02
-2.077627710700000137e+02
-2.079107818280000402e+02
-2.047779082459999813e+02
-1.983826456700000165e+02
-1.888421664840000460e+02
-1.763415009320000308e+02
-1.610656408660000238e+02
-1.432057784460000107e+02
-1.231504311140000141e+02
-1.011092863760000000e+02
-7.743386138399999652e+01
-5.253735963600000503e+01
-2.682063200400000369e+01
-6.598816960000000176e-01
2.555021192999999968e+01
5.129777793600000280e+01
7.626211834800001554e+01
9.999921049000001005e+01
1.221821944720000204e+02
1.424903915160000167e+02
1.605291030679999835e+02
1.760208125560000383e+02
1.888051661940000372e+02
1.985676567179999950e+02
2.052157690060000164e+02
2.086384925899999985e+02
2.087618364880000001e+02
2.056104579619999981e+02
1.992275288160000173e+02
1.896993926580000220e+02
1.771863840780000032e+02
1.619475338999999963e+02
1.441185002560000328e+02
1.240323241480000149e+02
1.019726744660000008e+02
7.833425936200001161e+01
5.346242447400000231e+01
2.775803027200000273e+01
1.591108450000000119e+00
-2.456347994200000429e+01
-5.031720786400001089e+01
-7.529388170599999341e+01
-9.910498402600001100e+01
-1.213311398120000177e+02
-1.416208319120000283e+02
-1.596348766040000271e+02
-1.751635863820000338e+02
-1.878924347860000239e+02
-1.976795921700000065e+02
-2.043523809160000155e+02
-2.077381042100000172e+02
-2.078614481080000473e+02
-2.047717367320000221e+02
-1.983888075860000129e+02
-1.888668333439999856e+02
-1.763168244739999864e+02
-1.610348024920000114e+02
-1.432181118760000231e+02
-1.231257642540000035e+02
-1.010661145720000036e+02
-7.738452766400001792e+01
-5.250652126199999969e+01
-2.679596514400000373e+01
-6.290433220000000158e-01
2.552554507000000328e+01
5.134711165600000271e+01
7.624978491800001734e+01
1.000485442100000029e+02
1.222500331360000132e+02
1.424903915160000167e+02
1.605167696379999995e+02
1.760331459859999939e+02
1.888113377079999964e+02
1.985923235780000198e+02
2.052651027259999807e+02
2.086631690479999861e+02
2.088173417220000090e+02
2.056598012800000106e+02
1.992707006199999853e+02
1.897425644620000469e+02
1.772542227420000245e+02
1.619475338999999963e+02
1.440938333960000080e+02
1.240076572880000185e+02
1.020035128400000133e+02
7.834042127799999378e+01
5.346858639000000579e+01
2.773952532800000270e+01
1.572603506000000095e+00
-2.456965145600000255e+01
-5.033571280800000380e+01
-7.531238664999999344e+01
-9.911114594200000738e+01
-1.213496447560000178e+02
-1.416084984820000159e+02
-1.596903818380000075e+02
-1.751697482980000302e+02
-1.878924347860000239e+02
-1.976857636840000225e+02
-2.043153710279999871e+02
-2.077751045000000261e+02
-2.079169533419999993e+02
-2.047532317879999937e+02
-1.983764741560000573e+02
-1.888421664840000460e+02
-1.763415009320000308e+02
-1.610656408660000238e+02
-1.432242737920000195e+02
-1.231380976840000159e+02
-1.010661145720000036e+02
-7.741535644000001071e+01
-5.250035934600000331e+01
-2.680212706000000367e+01
-6.413767519999999944e-01
2.551321164000000508e+01
5.127927299200000988e+01
7.624361340400001552e+01
1.000238773500000065e+02
1.222315377900000186e+02
1.424965630300000043e+02
1.605537699280000083e+02
1.760269744720000347e+02
1.887989946799999927e+02
1.985553232880000394e+02
2.051911021460000200e+02
2.086014923000000181e+02
2.087618364880000001e+02
2.056104579619999981e+02
1.992583671900000013e+02
1.896932307420000257e+02
1.772295558819999997e+02
1.619290289559999962e+02
1.440876618820000203e+02
1.239891523440000185e+02
1.019850078959999991e+02
7.831575441800001158e+01
5.348091982000000399e+01
2.771485846799999919e+01
1.578775020000000140e+00
-2.458198488600000431e+01
-5.037887501400000190e+01
-7.534938694000000226e+01
-9.911114594200000738e+01
-1.213249682980000159e+02
-1.416084984820000159e+02
-1.596348766040000271e+02
-1.751759198120000178e+02
-1.879294446740000524e+02
-1.977104305440000189e+02
-2.043585428320000119e+02
-2.077812760140000137e+02
-2.079169533419999993e+02
-2.047655748159999973e+02
-1.983641407260000165e+02
-1.888606714280000176e+02
-1.763599962780000112e+02
-1.610471359220000238e+02
-1.432366072220000035e+02
-1.231195927400000016e+02
-1.010599430580000018e+02
-7.741535644000001071e+01
-5.252502620599999972e+01
-2.680212706000000367e+01
-6.722151259999998851e-01
2.548237326599999975e+01
5.127311107599999929e+01
7.624361340400001552e+01
1.000115439200000083e+02
1.222315377900000186e+02
1.424842296000000204e+02
1.604859312640000155e+02
1.760393079020000187e+02
1.888113377079999964e+02
1.985676567179999950e+02
2.052157690060000164e+02
2.086261591600000145e+02
2.087741699180000410e+02
2.056412963360000106e+02
1.992583671900000013e+02
1.897363929480000024e+02
1.772295558819999997e+02
1.619475338999999963e+02
1.441061668260000204e+02
1.240261526339999989e+02
1.019418360920000168e+02
7.830342098800001338e+01
5.343158610000000408e+01
2.773336341200000277e+01
1.578775020000000140e+00
-2.460048023200000600e+01
-5.040971338800000723e+01
-7.532472008000000585e+01
-9.913581280200000378e+01
-1.213249682980000159e+02
-1.416023365660000195e+02
-1.596472100340000395e+02
-1.751389195220000090e+02
-1.879047682160000079e+02
-1.976980971140000349e+02
-2.043523809160000155e+02
-2.077627710700000137e+02
-2.079416202020000242e+02
-2.047902416760000222e+02
-1.984073125300000413e+02
-1.888915098020000016e+02
-1.763476628480000272e+02
-1.610471359220000238e+02
-1.432551121660000035e+02
-1.231257642540000035e+02
-1.010722764880000142e+02
-7.741535644000001071e+01
-5.250652126199999969e+01
-2.683296543400000544e+01
-6.907104720000000198e-01
2.551938315399999979e+01
5.128544450599999749e+01
7.623745148800000493e+01
1.000053724060000064e+02
1.222068613320000026e+02
1.424903915160000167e+02
1.605167696379999995e+02
1.760208125560000383e+02
1.887743278199999963e+02
1.985676567179999950e+02
2.051972640620000163e+02
2.086323306740000021e+02
2.087680080020000162e+02
2.056166294760000426e+02
1.992398622460000013e+02
1.897055641720000096e+02
1.771987175080000156e+02
1.619352004700000123e+02
1.441000049099999956e+02
1.239953142600000149e+02
1.019973413260000115e+02
7.835275470800000619e+01
5.348091982000000399e+01
2.773336341200000277e+01
1.591108450000000119e+00
-2.458198488600000431e+01
-5.035420815399999839e+01
-7.534938694000000226e+01
-9.910498402600001100e+01
-1.213311398120000177e+02
-1.416578322020000087e+02
-1.596595434639999951e+02
-1.751759198120000178e+02
-1.879541115339999919e+02
-1.977289354880000189e+02
-2.043462094020000279e+02
-2.078121047900000065e+02
-2.079539536320000366e+02
-2.047902416760000222e+02
-1.983949791000000005e+02
-1.888668333439999856e+02
-1.763908346519999952e+02
-1.610656408660000238e+02
-1.432057784460000107e+02
-1.231134308240000053e+02
-1.010661145720000036e+02
-7.737835614999998768e+01
-5.248185440200001040e+01
-2.683296543400000544e+01
-6.598816960000000176e-01
2.550087821000000332e+01
5.129160642200000808e+01
7.625594683399999951e+01
1.000177058360000188e+02
1.222130328460000044e+02
1.424472197119999919e+02
1.604982646939999995e+02
1.760084791260000259e+02
1.887681659040000284e+02
1.985676567179999950e+02
2.052034355760000324e+02
2.086384925899999985e+02
2.087803414320000002e+02
2.056289629060000266e+02
1.992275288160000173e+02
1.897178976020000221e+02
1.772172224520000157e+02
1.619352004700000123e+02
1.441061668260000204e+02
1.240076572880000185e+02
1.019048358020000222e+02
7.829724947400001156e+01
5.343158610000000408e+01
2.770252503800000099e+01
1.529431702000000337e+00
-2.463131860600000067e+01
-5.039737995800000903e+01
-7.535555845400000408e+01
-9.911114594200000738e+01
-1.213373113260000196e+02
-1.415961650520000319e+02
-1.596595434639999951e+02
-1.751635863820000338e+02
-1.878986063000000115e+02
-1.977042590300000029e+02
-2.043400378880000119e+02
-2.077689425840000581e+02
-2.078984483980000277e+02
-2.047532317879999937e+02
-1.983641407260000165e+02
-1.888791667739999980e+02
-1.763661677919999988e+02
-1.610533074360000114e+02
-1.432674455959999875e+02
-1.231504311140000141e+02
-1.010907814320000142e+02
-7.744619481400000893e+01
-5.251885469199999790e+01
-2.681447008800000376e+01
-6.537101819999999730e-01
2.554405001400000685e+01
5.131011136600000100e+01
7.624361340400001552e+01
1.000485442100000029e+02
1.222253662760000168e+02
1.424842296000000204e+02
1.605167696379999995e+02
1.760331459859999939e+02
1.887928327640000248e+02
1.985923235780000198e+02
2.052281024360000004e+02
2.086323306740000021e+02
2.088050082919999966e+02
2.056289629060000266e+02
1.992830340500000261e+02
1.897302310320000061e+02
1.772233939660000317e+02
1.619352004700000123e+02
1.441123383400000080e+02
1.240199907180000025e+02
1.019850078959999991e+02
7.837125965200000621e+01
5.347475790400000051e+01
2.775185875800000090e+01
1.615775310000000076e+00
-2.456347994200000429e+01
-5.034804623800000911e+01
-7.531854856600000403e+01
-9.911114594200000738e+01
-1.213373113260000196e+02
-1.416146699960000035e+02
-1.596472100340000395e+02
-1.751574148679999894e+02
-1.878986063000000115e+02
-1.976672587399999941e+02
-2.043215425420000315e+02
-2.077812760140000137e+02
-2.079107818280000402e+02
-2.047655748159999973e+02
-1.983888075860000129e+02
-1.888360045680000212e+02
-1.763661677919999988e+02
-1.610841362120000042e+02
-1.431996069320000231e+02
-1.231257642540000035e+02
-1.010784480020000018e+02
-7.740302300999999829e+01
-5.250035934600000331e+01
-2.680212706000000367e+01
-6.352052379999999498e-01
2.549470669600000150e+01
5.129777793600000280e+01
7.625594683399999951e+01
1.000053724060000064e+02
1.222006994160000062e+02
1.425027249460000291e+02
1.605229315540000243e+02
1.760084791260000259e+02
1.887558324740000160e+02
1.985244849139999985e+02
2.052219309220000127e+02
2.086323306740000021e+02
2.087556745720000322e+02
2.056104579619999981e+02
1.992460337600000173e+02
1.897178976020000221e+02
1.772048890220000317e+02
1.619290289559999962e+02
1.441000049099999956e+02
1.239953142600000149e+02
1.019418360920000168e+02
7.829724947400001156e+01
5.344391953000000939e+01
2.771485846799999919e+01
1.560270075999999895e+00
-2.460048023200000600e+01
-5.037887501400000190e+01
-7.535555845400000408e+01
-9.913581280200000378e+01
-1.213558066719999999e+02
-1.416146699960000035e+02
-1.596533815479999987e+02
-1.751635863820000338e+02
-1.879232731600000079e+02
-1.977227639740000598e+02
-2.043708762620000527e+02
-2.077812760140000137e+02
-2.079169533419999993e+02
-2.047902416760000222e+02
-1.984134744459999808e+02
-1.888853382880000140e+02
-1.763599962780000112e+02
-1.610903077259999918e+02
-1.432551121660000035e+02
-1.231504311140000141e+02
-1.010907814320000142e+02
-7.741535644000001071e+01
-5.252502620599999972e+01
-2.684529886400000365e+01
-6.722151259999998851e-01
2.551938315399999979e+01
5.131627328200000449e+01
7.624361340400001552e+01
1.000300488640000083e+02
1.222130328460000044e+02
1.424842296000000204e+02
1.605291030679999835e+02
1.760208125560000383e+02
1.887928327640000248e+02
1.985738186340000198e+02
2.051972640620000163e+02
2.086508356180000021e+02
2.087741699180000410e+02
2.056166294760000426e+02
1.992213668999999925e+02
1.897178976020000221e+02
1.771987175080000156e+02
1.619413623860000087e+02
1.441000049099999956e+02
1.239953142600000149e+02
1.019603410360000026e+02
7.830342098800001338e+01
5.344391953000000939e+01
2.774569684200000452e+01
1.554108160000000183e+00
-2.460665174600000427e+01
-5.037887501400000190e+01
-7.534938694000000226e+01
-9.911731745600002341e+01
-1.213619781860000018e+02
-1.416454987719999963e+02
-1.596472100340000395e+02
-1.751759198120000178e+02
-1.879171112440000115e+02
-1.977104305440000189e+02
-2.043338759720000155e+02
-2.077936094439999977e+02
-2.078861149680000153e+02
-2.047840701620000061e+02
-1.984134744459999808e+02
-1.888668333439999856e+02
-1.763908346519999952e+02
-1.610656408660000238e+02
-1.432427787360000195e+02
-1.231195927400000016e+02
-1.010722764880000142e+02
-7.739068958000000009e+01
-5.253735963600000503e+01
