-1.182092034985183782e+00
-1.802854424158077951e+00
-2.804396271832921173e+00
-4.134528792773693340e+00
-5.612136836911548521e+00
-6.665183377629762873e+00
-7.273309939881843711e+00
-7.626083131441910190e+00
-7.635767188750557821e+00
-7.356294512027274024e+00
-7.253901629929157657e+00
-6.995903546339595103e+00
-6.689356572849419535e+00
-5.853984822901828089e+00
-4.597952330877811633e+00
-3.177449497421852342e+00
-1.644458767708548041e+00
-9.560005890733591638e-02
1.430303923599136606e+00
3.025162402357580493e+00
4.615409465938849820e+00
6.275414641026549667e+00
7.749288055491263982e+00
8.936910310790324274e+00
9.482533353869378345e+00
9.615194448164491092e+00
9.339736256919803026e+00
8.846534918656258739e+00
8.051671281771028532e+00
7.061229032421584506e+00
5.409989057863187512e+00
3.266501867495331890e+00
9.072804264599776403e-01
-1.527731802073351464e+00
-4.019262840204076426e+00
-6.327887033144761197e+00
-8.450210892596292211e+00
-1.046823318269459691e+01
-1.219182776836051652e+01
-1.340691900744799092e+01
-1.409298657664691667e+01
-1.433689765141856576e+01
-1.428200490892962904e+01
-1.388518006693522544e+01
-1.301509147505926656e+01
-1.169457966013539085e+01
-9.841655178130743309e+00
-7.557212154197338272e+00
-4.857332882913063976e+00
-2.081670711323381440e+00
5.780445855719398285e-01
3.122167081798870925e+00
5.445854798690684895e+00
7.487645131788367436e+00
9.406765288205605202e+00
1.115624575272992836e+01
1.246003903129013324e+01
1.306705727226790259e+01
1.292509712509518316e+01
1.241275911226727757e+01
1.172189328964272725e+01
1.080412018147636211e+01
9.408039533088503603e+00
7.566907164398775976e+00
5.118722699881249838e+00
2.247291578105706567e+00
-6.198809747901761202e-01
-3.348961803470632770e+00
-5.774751391735734707e+00
-7.985971671636314717e+00
-1.025303937708291890e+01
-1.248083966624148644e+01
-1.430309225095986925e+01
-1.542650631080397616e+01
-1.589380920914281958e+01
-1.578562430618230650e+01
-1.502994407091326146e+01
-1.415802829471247470e+01
-1.309769696758782231e+01
-1.164243347739716228e+01
-9.424196647891621481e+00
-6.606618751168741532e+00
-3.546874412596992876e+00
-5.341835079212595705e-01
2.202217393844905668e+00
4.664643643139344320e+00
6.740891708984142028e+00
8.554802991290440417e+00
1.035734643640774699e+01
1.167974401773412652e+01
1.223388890470224588e+01
1.214565819932954049e+01
1.167982629682546403e+01
1.091464538909118254e+01
9.834202703569872028e+00
8.484467995922166494e+00
6.749604128511732526e+00
4.463265994368272871e+00
1.917856650480346925e+00
-7.001121221625845603e-01
-3.135334738522101983e+00
-5.095037984786571883e+00
-6.469618388836746448e+00
-7.603152257989446383e+00
-9.001233141744561905e+00
-1.038457263152862708e+01
-1.135749811935216513e+01
-1.175681023227929956e+01
-1.142814559621235304e+01
-1.070750079215697603e+01
-9.875725041530547088e+00
-8.961586171710608895e+00
-7.886734501284644594e+00
-6.574577476700019574e+00
-5.019638717973246678e+00
-3.317521637527148570e+00
-1.604914188319145563e+00
9.990126993758008389e-03
1.353184160564292693e+00
2.484816336286646887e+00
3.564393212952646550e+00
4.613500724204593340e+00
5.330393500969839771e+00
5.696570714667688939e+00
5.753785816981450196e+00
5.543674917247090939e+00
5.038557165857645792e+00
4.361853677750151981e+00
3.969429459801047777e+00
3.352895619746989020e+00
2.329782702910464742e+00
1.003978342543924818e+00
-3.305955931556268101e-01
-1.545633526683720671e+00
-2.482072272659300971e+00
-3.079639649142335678e+00
-3.319916037211668502e+00
-3.679501004078229442e+00
-4.239701164525269128e+00
-4.608539913013017575e+00
-4.438358068404296475e+00
-3.957749288943252619e+00
-3.302186421306391395e+00
-2.701031106046577257e+00
-2.069873755244138636e+00
-1.876814418117403349e+00
-1.793354109309851729e+00
-1.423358589791315243e+00
-8.815934097919622126e-01
-5.166030064391737842e-01
-5.140614990108848259e-01
-9.306968580866772367e-01
-1.400208971655326762e+00
-1.838994440440455014e+00
-2.374410015313911160e+00
-2.773659840615087191e+00
-3.033222599603783376e+00
-3.439373267753700336e+00
-4.147368979242537002e+00
-4.719323567836932298e+00
-4.727513578018440299e+00
-4.332565791838147717e+00
-3.753474690786903434e+00
-3.235078391317366631e+00
-2.658168329609353009e+00
-2.016425658858155057e+00
-1.287676551358355681e+00
-2.014559793909249663e-01
1.145544499870144506e+00
2.303106844927296670e+00
3.073839447464352226e+00
3.613338233415848588e+00
4.221940377527867660e+00
4.952853397644223499e+00
5.304732137837206096e+00
5.527319631206637496e+00
5.753384990150351541e+00
5.512700036392379488e+00
4.596829756039416459e+00
3.502353374451229850e+00
2.452857460241665954e+00
1.429427248572728182e+00
2.970588831321312462e-01
-1.137043933762203585e+00
-2.833452887399396047e+00
-4.665374335945010387e+00
-6.430325507567346222e+00
-7.896833655174670064e+00
-8.961331345405367799e+00
-9.725889653191320150e+00
-1.059218228224120040e+01
-1.146044047441678870e+01
-1.186041342740347915e+01
-1.178756175448059018e+01
-1.100934030171379874e+01
-9.790153916435597736e+00
-8.298473568258634359e+00
-6.760745073341956513e+00
-5.104269966443419015e+00
-3.129821089573683324e+00
-7.870383344995557362e-01
1.875945538332230988e+00
4.452308002385321650e+00
6.681636673302349116e+00
8.466954998827768364e+00
9.907275763259180579e+00
1.104024428481266185e+01
1.190951759176514457e+01
1.263023175327313119e+01
1.257167661264366210e+01
1.174402081603362902e+01
1.036949217455810057e+01
8.565918062257599885e+00
6.660782670101422553e+00
4.482680872099157554e+00
2.119140194171897473e+00
-5.490315680652726460e-01
-3.565086243073242400e+00
-6.641724575625056026e+00
-9.320615090712122353e+00
-1.134407903768879500e+01
-1.276605469629388878e+01
-1.386271085294257688e+01
-1.471677949240707939e+01
-1.543869460658332926e+01
-1.580072332795597490e+01
-1.556843326574478148e+01
-1.443138854872122856e+01
-1.254947764768167318e+01
-1.033816089507521419e+01
-8.115274769028511415e+00
-5.984866159642699301e+00
-3.631454860660935591e+00
-1.005446789265714180e+00
1.822960337608144465e+00
4.659770003867477861e+00
7.111047925549163651e+00
8.985736817292528045e+00
1.047732730151751390e+01
1.157291915793363657e+01
1.253479379625254175e+01
1.315059980876508128e+01
1.321170590917113685e+01
1.265010269808047561e+01
1.139541333779969179e+01
9.660783583771465288e+00
7.715365084660247952e+00
5.698345525886166385e+00
3.569724183385531990e+00
1.131865934565355669e+00
-1.823249257159514691e+00
-4.832057596353036111e+00
-7.570298459598410190e+00
-9.973777782038149908e+00
-1.177579742138821217e+01
-1.296030989573126924e+01
-1.364963804961250560e+01
-1.413016589639007137e+01
-1.448720160266656798e+01
-1.440171567718024193e+01
-1.362166923287261255e+01
-1.222886039853771223e+01
-1.038733976926246427e+01
-8.183401064622630727e+00
-5.972471305072537540e+00
-3.694447686960572241e+00
-1.332023865640512783e+00
1.029025881372179541e+00
3.312438313259032263e+00
5.289620322726702462e+00
6.735412002210655835e+00
7.768461250224432568e+00
8.691812124940646811e+00
9.336030075962668207e+00
9.513678835158334124e+00
9.276160041921968968e+00
8.595407254531767904e+00
7.475152844326323986e+00
6.077656748367570749e+00
4.527680564958766141e+00
3.230316821280631245e+00
2.016781619774409950e+00
6.143897259811659239e-01
-1.003035447917138612e+00
-2.683154406595750885e+00
-4.132614710052658680e+00
-5.379291057002244969e+00
-6.275859411926263398e+00
-6.834776393379723203e+00
-7.164526490624615107e+00
-7.489646017580307458e+00
-7.761203442204555714e+00
-7.602944927299062350e+00
-7.105290598715194861e+00
-6.441936736088785587e+00
-5.500446085788360584e+00
-4.389487180640433195e+00
-3.603667098501715849e+00
-3.114600391487612363e+00
-2.436097323370360446e+00
-1.407103092177091952e+00
-3.117125487654662797e-01
6.327299148562349762e-01
1.331716378071271301e+00
1.539468391142991610e+00
1.494705777781634382e+00
1.592980324824470273e+00
1.648483353000398388e+00
1.787388412560831696e+00
1.632011570343332885e+00
1.054634116441659053e+00
2.790232662365758065e-01
-4.157305998708253902e-01
-8.116365073690466891e-01
-1.188728577176920265e+00
-1.195793547917324062e+00
-1.105108676212104291e+00
-1.207393840427452236e+00
-1.512606768282720449e+00
-1.567484588592708672e+00
-1.103280259831444843e+00
-3.924796142807480126e-01
3.760999707864193797e-01
1.007540549054861678e+00
1.363416668228254469e+00
1.548487253026049837e+00
1.765000635877092217e+00
1.843417079280409210e+00
1.979560277502116827e+00
1.766634791819021277e+00
1.245375978321634935e+00
5.234185763600217589e-01
-4.139082391290797025e-01
-1.453745167819195938e+00
-2.461358277060313959e+00
-3.330271584631105508e+00
-4.271054130314609232e+00
-5.397899864963375371e+00
-6.610430858848095781e+00
-7.666809985310762521e+00
-8.315949697099231486e+00
-8.504877754539975854e+00
-8.174976807940463885e+00
-7.751667923227500978e+00
-7.173796766413487624e+00
-6.595303509800030994e+00
-5.909017557995841052e+00
-4.764078202767445092e+00
-3.186433855570726337e+00
-1.467784884984421057e+00
1.188865976816388947e-01
1.625310068385805273e+00
3.197142983945424621e+00
4.711269110607978483e+00
6.177959634981325721e+00
7.441213135839568338e+00
8.475782520557430644e+00
9.000100681170602357e+00
8.996874026982016659e+00
8.790445501560645525e+00
8.435596189168922621e+00
7.887253286790387286e+00
7.083399552319029624e+00
5.742881381089590676e+00
3.919218022810454283e+00
1.726665132795598412e+00
-7.194610384988834317e-01
-2.963270648020959630e+00
-4.885935460753793258e+00
-6.804159253572265698e+00
-9.043558824608247448e+00
-1.114746289079331909e+01
-1.279498239537430671e+01
-1.382278300223137002e+01
-1.435141063115830562e+01
-1.443829371475362677e+01
-1.416763844948297724e+01
-1.345711748429257781e+01
-1.239900312038229480e+01
-1.097006446321834972e+01
-8.907648129913843249e+00
-6.315170822264214223e+00
-3.397150378818225125e+00
-5.325219270675856098e-01
2.148279082947167851e+00
4.649505503201169176e+00
6.804947747093469168e+00
8.934157166748503798e+00
1.120590151202484819e+01
1.293129930778900416e+01
1.366157911901695954e+01
1.371173397778788861e+01
1.326317505038622890e+01
1.242230468677080957e+01
1.132520404863939412e+01
9.926292833685936401e+00
8.244465061008037665e+00
5.893356294662012829e+00
2.866157343946199365e+00
-2.417565721365354248e-01
-3.152391831350431772e+00
-5.703654490354386652e+00
-7.957548176890397507e+00
-1.006238436438495931e+01
-1.186614602647401284e+01
-1.347294590677955917e+01
-1.480596069473402210e+01
-1.551346058040375908e+01
-1.541738333877465550e+01
-1.473237218556334938e+01
-1.385008832143540047e+01
-1.273829260852156864e+01
-1.134845390412614918e+01
-9.588011323923389284e+00
-7.272085765577620542e+00
-4.446323871796092675e+00
-1.583960634989955318e+00
8.494923941294378889e-01
3.026641107823641708e+00
5.112891999901972184e+00
7.175581037244800342e+00
9.180339362359775990e+00
1.089564498413511373e+01
1.190177966021949274e+01
1.225672934429795724e+01
1.204633202646797585e+01
1.127607745550976226e+01
1.031017167187977712e+01
9.217973699791608411e+00
8.001076242675894790e+00
6.137954638247776096e+00
3.611250143516279820e+00
8.566797075713876719e-01
-1.691149318361315768e+00
-3.924728505250593358e+00
-5.835014659869006692e+00
-7.574383194289698196e+00
-9.259493607891265299e+00
-1.067611678916245488e+01
-1.159670825626197832e+01
-1.196296955140757845e+01
-1.194129052993324436e+01
-1.142581430066705117e+01
-1.067508080031780615e+01
-9.666837236390012578e+00
-8.482166306904700193e+00
-7.185592944298649698e+00
-5.481272000483412121e+00
-3.359347472382185895e+00
-1.311279776334946412e+00
3.855289984272651793e-01
1.663173946585905227e+00
2.649591648325425375e+00
3.516021393559802366e+00
4.438163017663245391e+00
5.279720188277273074e+00
5.836561398773453035e+00
5.731190545385074664e+00
5.286860452745147931e+00
4.646629159345235571e+00
4.021484532960020175e+00
3.507868873853678071e+00
2.894219156898169221e+00
2.126218118162072290e+00
1.142778572774971524e+00
2.713372940873876385e-02
-1.001791481897087444e+00
-1.794233341820727912e+00
-2.199107857226126228e+00
-2.585599224392851170e+00
-3.138960968319932654e+00
-3.581721882931682366e+00
-3.972825711860181741e+00
-3.957411666476570389e+00
-3.720739273834081651e+00
-3.394608420597085452e+00
-3.136437390765898670e+00
-2.950709308562106337e+00
-2.902175107354918904e+00
-2.585046945425967913e+00
-2.206828203964298130e+00
-1.629023146817098811e+00
-1.030922711607651809e+00
-9.353953902644538410e-01
-8.929567831971371161e-01
-1.157603479785601408e+00
-1.546381584788508068e+00
-1.835506092041820692e+00
-1.978112065425689847e+00
-2.211756838180677143e+00
-2.861630254872157497e+00
-3.425902763051210442e+00
-3.841227154781737152e+00
-4.085130193403648136e+00
-4.066236867089131124e+00
-3.732468215379205922e+00
-3.394681882067788870e+00
-3.186290381835609420e+00
-3.198499501442713999e+00
-2.541384353760793413e+00
