-1.725856352274268479e+00
-2.670225934815189106e+00
-3.843446048161311523e+00
-5.226326378261864747e+00
-6.620800533205687621e+00
-7.929317502606330947e+00
-9.073645448195325258e+00
-1.002077143556137351e+01
-1.057956233975319016e+01
-1.074963092411707066e+01
-1.090100248710558262e+01
-1.072008652649945226e+01
-1.040353203355545020e+01
-9.527871918295677034e+00
-8.218355522059077600e+00
-6.617133628441558280e+00
-4.725422943768802675e+00
-2.655769045152874597e+00
-4.785177968434392026e-01
1.839141223833099525e+00
4.186057757418259584e+00
6.618955185073231107e+00
8.888979576805519756e+00
1.091230720682347233e+01
1.232088934939721447e+01
1.326330048255818284e+01
1.362503374350073670e+01
1.354352592280662293e+01
1.292913685001618873e+01
1.191682698410741814e+01
1.010631432139595987e+01
7.687554215995199058e+00
4.833804380622230390e+00
1.648678462929269450e+00
-1.803044565806002808e+00
-5.236648273677381837e+00
-8.593317585263765324e+00
-1.185568086999180970e+01
-1.478948955794347242e+01
-1.718204630678960143e+01
-1.896649749481745317e+01
-2.014326036168066736e+01
-2.078445237817702917e+01
-2.083634788333846544e+01
-2.021027210150664999e+01
-1.894548128464517944e+01
-1.695542147021233603e+01
-1.432622218600876352e+01
-1.105140673186081379e+01
-7.443014929730681573e+00
-3.683091372617177228e+00
1.453088579336288266e-01
3.842678883580669336e+00
7.279347487907950054e+00
1.052756388934764153e+01
1.348757383374253749e+01
1.591375042363072545e+01
1.758193400653978244e+01
1.839088338469400341e+01
1.858670305739084938e+01
1.826355204349088623e+01
1.741145981503554196e+01
1.588263002990496631e+01
1.375941583735382601e+01
1.087825455433265276e+01
7.393791259530719806e+00
3.643760900878306064e+00
-2.467470873877530835e-01
-4.028538803083724140e+00
-7.674257361997036675e+00
-1.131368443141279201e+01
-1.480457699899102764e+01
-1.784778316730033865e+01
-2.019269956903764296e+01
-2.181105466751420607e+01
-2.266174119235402173e+01
-2.260895602012668704e+01
-2.210308365899527416e+01
-2.105238621173673863e+01
-1.937719416432557651e+01
-1.681776909393681052e+01
-1.352672929549409808e+01
-9.741256493784231196e+00
-5.689905039754687976e+00
-1.636303764857398590e+00
2.310637767935645570e+00
5.916661859442823079e+00
9.199704273274807775e+00
1.230115789161540718e+01
1.477691353860327439e+01
1.642006727269545507e+01
1.728778472885429451e+01
1.751364397532661243e+01
1.712149155339921691e+01
1.612959906645333774e+01
1.462928681483100846e+01
1.255396337694137721e+01
9.792168219449317590e+00
6.606581418544205775e+00
3.123342185394306192e+00
-3.973619255709465170e-01
-3.627534396959497975e+00
-6.364506261443199087e+00
-8.777570772588008552e+00
-1.119842258155001247e+01
-1.337318797327349174e+01
-1.507258666227230748e+01
-1.619332143948766856e+01
-1.654047147624491743e+01
-1.633347923026311221e+01
-1.572843208094347389e+01
-1.475824664367470618e+01
-1.342919900876180783e+01
-1.174198396445274639e+01
-9.725572890340798082e+00
-7.469556999062358038e+00
-5.093178171272326971e+00
-2.708727585641182323e+00
-5.122126202739445411e-01
1.498392226236207492e+00
3.391518336357390861e+00
5.148223360284184480e+00
6.511713029129762909e+00
7.488018818028461254e+00
8.067904536775072799e+00
8.249975433735270869e+00
7.992437114695895239e+00
7.406600715123943246e+00
6.898853904872698450e+00
6.039888889785785864e+00
4.790210802675163748e+00
3.223482361413485542e+00
1.540308898362550138e+00
-1.728508705163169790e-01
-1.728388979876734233e+00
-3.007568404323648803e+00
-3.910731805709310560e+00
-4.793435357048664969e+00
-5.676444330116952486e+00
-6.283233208736072939e+00
-6.385896941179072250e+00
-6.167234746581740978e+00
-5.649811386557884063e+00
-5.013772559346628910e+00
-4.198496525422964254e+00
-3.690843587344414978e+00
-3.228833664758777644e+00
-2.584065707252361399e+00
-1.879668024352385114e+00
-1.345766729533933503e+00
-1.104431591741253271e+00
-1.250537764998262968e+00
-1.532785448276650087e+00
-1.947227436097116016e+00
-2.575596849211601036e+00
-3.158634505108634638e+00
-3.681441360509223326e+00
-4.341466489362528769e+00
-5.233209201985812520e+00
-5.997739460005123036e+00
-6.317675168806855979e+00
-6.291923089387556622e+00
-5.984247554639333444e+00
-5.549975862542726901e+00
-4.889773417522508048e+00
-4.066995773746164389e+00
-3.092221684987674024e+00
-1.743574340284834712e+00
-1.167778660791825990e-01
1.440555509854217764e+00
2.775444943800926545e+00
3.943993657943579034e+00
5.105709221943154574e+00
6.262416529709808444e+00
7.004663737234140264e+00
7.607429433866768953e+00
8.118612470522592162e+00
8.116519359791162458e+00
7.448008381983105330e+00
6.481791030116111685e+00
5.312242497286529641e+00
3.956071139125015179e+00
2.375855296359912217e+00
4.612550640245163813e-01
-1.737426381624390670e+00
-4.143401309454587178e+00
-6.598545406880532482e+00
-8.885631495450516226e+00
-1.085887194118724963e+01
-1.251843998487010268e+01
-1.413519905119559716e+01
-1.558089676806401158e+01
-1.650342030079394817e+01
-1.693813947115510388e+01
-1.660258319967925900e+01
-1.567589063213015166e+01
-1.421615782608349576e+01
-1.241989380345965088e+01
-1.026238748321351935e+01
-7.651691108242506090e+00
-4.593592150490298565e+00
-1.121325942295138489e+00
2.424529573453490627e+00
5.821776709917438453e+00
8.902424426145055136e+00
1.163588791060301020e+01
1.394823112845723756e+01
1.582859686351615736e+01
1.736263688023144169e+01
1.799094660371400067e+01
1.776165390622800899e+01
1.676727104451107664e+01
1.503481901607733562e+01
1.285400446113635908e+01
1.010183778693498979e+01
6.958635830771036979e+00
3.357623862437839612e+00
-6.947627668056732819e-01
-4.938335115293266853e+00
-8.976168104973211825e+00
-1.252863396055321665e+01
-1.550749948221522168e+01
-1.800341407775499647e+01
-1.999327100475253616e+01
-2.157889467833068764e+01
-2.259104841289535415e+01
-2.287991896586439111e+01
-2.216608540955883555e+01
-2.053944106164913208e+01
-1.826200362094218121e+01
-1.557248443293342888e+01
-1.262877086218901468e+01
-9.274651193446425523e+00
-5.586204907832374111e+00
-1.640787846475098233e+00
2.398826171648344552e+00
6.180121313836535180e+00
9.494033896392158667e+00
1.240077892877828170e+01
1.476380104827408779e+01
1.677561894353983618e+01
1.822242690218185501e+01
1.896833181155689019e+01
1.895175328995675557e+01
1.806454613802662479e+01
1.644995204055963356e+01
1.430022986876858404e+01
1.175459794590116402e+01
8.853297275344434780e+00
5.510318730024177825e+00
1.596906734926222260e+00
-2.477801245232790883e+00
-6.482781537555508677e+00
-1.030743953002980007e+01
-1.359967910349447529e+01
-1.624861056641340440e+01
-1.823965706848833790e+01
-1.974226026185549898e+01
-2.080685764846791130e+01
-2.120432889248141350e+01
-2.078098481977391643e+01
-1.959710157393875463e+01
-1.773117826439683498e+01
-1.522579321727963375e+01
-1.241314810020730341e+01
-9.271956203839692989e+00
-5.892311930017966937e+00
-2.416849823196657532e+00
1.046889184608310375e+00
4.253082087734558314e+00
6.959437480225600048e+00
9.198100714078131901e+00
1.114070891149603781e+01
1.259341802689066370e+01
1.343493428393890454e+01
1.371838017248511399e+01
1.338488378068699802e+01
1.242515796379023207e+01
1.097166453782060458e+01
9.129287816620973217e+00
7.294099657397166148e+00
5.368072096511740554e+00
3.236691991627370868e+00
9.343199278929158469e-01
-1.428849009146994975e+00
-3.624983516593572208e+00
-5.676611768441405914e+00
-7.384907927275861539e+00
-8.717634827305580814e+00
-9.710542803375624032e+00
-1.052599486895059755e+01
-1.112078609541007879e+01
-1.121426513801288927e+01
-1.092420638468422212e+01
-1.034929268520163603e+01
-9.362616995982790513e+00
-8.082476139092984013e+00
-6.945448664594433552e+00
-5.944169983743678110e+00
-4.766974125101047122e+00
-3.357541150286567522e+00
-1.921998103141973280e+00
-5.724404973005088326e-01
6.093631402519951168e-01
1.354296287855903280e+00
1.817322850232626852e+00
2.254903878125838368e+00
2.482663806788746541e+00
2.697055650415880468e+00
2.586712163534787390e+00
2.085692704212247950e+00
1.345510834742982276e+00
5.463062190106727778e-01
-1.199893145913822484e-01
-8.414825259370639632e-01
-1.203619646417667388e+00
-1.440362600652816294e+00
-1.732766508229056646e+00
-2.094232519416123317e+00
-2.193713667499985309e+00
-1.854762363054357488e+00
-1.268699933456539863e+00
-4.996907830098583636e-01
2.965778193412504371e-01
9.627729980434185375e-01
1.519910598594491180e+00
2.062158836680965557e+00
2.397872554913782928e+00
2.725245932544345884e+00
2.664899786219011801e+00
2.289650779646234646e+00
1.635371249093216850e+00
6.513694810874128827e-01
-5.623808598287152183e-01
-1.885444681616291751e+00
-3.195259390716675973e+00
-4.628897228693626964e+00
-6.226034292777921308e+00
-7.899101266218422346e+00
-9.464259045745516019e+00
-1.070277982585868592e+01
-1.151893109988242259e+01
-1.176765806921500790e+01
-1.175154234528346109e+01
-1.134886957664389584e+01
-1.075065012872303072e+01
-9.895935810773572427e+00
-8.533704342049638569e+00
-6.711878947330541578e+00
-4.628727591119701223e+00
-2.482561262714286343e+00
-2.573996314375576744e-01
2.090125693170493903e+00
4.394439686966073566e+00
6.660480933296025086e+00
8.723707366229385585e+00
1.054944239147308060e+01
1.184521053889611153e+01
1.256335695674404818e+01
1.291200575753758351e+01
1.287751164567369422e+01
1.245142538737833426e+01
1.162266855285007772e+01
1.016599519682121588e+01
8.135990035048378033e+00
5.575531964624462766e+00
2.553127623281868708e+00
-5.211129752889952504e-01
-3.511568125277420460e+00
-6.577097937673574535e+00
-9.888367113907262862e+00
-1.302112499125342637e+01
-1.576135127178229567e+01
-1.792523750705389673e+01
-1.952228204679281731e+01
-2.049534217533448910e+01
-2.087165497413353776e+01
-2.056401849610742971e+01
-1.967322928789376846e+01
-1.817997117926979911e+01
-1.587331339360097004e+01
-1.286175865279281005e+01
-9.281614078955129798e+00
-5.458582750579021869e+00
-1.545603784993813790e+00
2.347909906375375666e+00
5.959070277285607453e+00
9.496704132711167645e+00
1.302640187998921739e+01
1.594717998952084770e+01
1.791998913954876826e+01
1.912919301734348565e+01
1.956294304253086480e+01
1.926012278318213689e+01
1.835357401369143915e+01
1.684537534457398777e+01
1.482173081177883311e+01
1.197975666518359894e+01
8.348390232847759052e+00
4.397834480234176446e+00
3.217246923725181618e-01
-3.644017712232427986e+00
-7.421449815940730943e+00
-1.100935913066132343e+01
-1.419277927290354135e+01
-1.705238012667287961e+01
-1.948825956550085436e+01
-2.119335459405559874e+01
-2.200497855088471155e+01
-2.203933221117457819e+01
-2.155243220696689477e+01
-2.049612050952044484e+01
-1.890856056369814908e+01
-1.676802957812806127e+01
-1.394386941285609183e+01
-1.047958350845871855e+01
-6.755974854100774252e+00
-3.163871105015413576e+00
3.666999519627764381e-01
3.814029172624891828e+00
7.151625118988000906e+00
1.033151466857062672e+01
1.316035533962444326e+01
1.527385059047069937e+01
1.668700073518646221e+01
1.735730529888519769e+01
1.721542540313937764e+01
1.655981336542399163e+01
1.544140130308854886e+01
1.394149894127917833e+01
1.167339612192806086e+01
8.682989441326284918e+00
5.286120956256715075e+00
1.804309056750623252e+00
-1.621564878708334767e+00
-4.849400718632215224e+00
-7.890815433453056471e+00
-1.076125657917603284e+01
-1.324662904640728556e+01
-1.516500186945026840e+01
-1.644247123769538632e+01
-1.716558343750809712e+01
-1.718244357986470305e+01
-1.672503535934125551e+01
-1.575617815790332443e+01
-1.439735425209736874e+01
-1.274170552858665317e+01
-1.056785017788040726e+01
-7.912832249445528099e+00
-5.182374286653739226e+00
-2.590460801390835677e+00
-2.793277108305903811e-01
1.741426775078303457e+00
3.519833679248053571e+00
5.171191556246020227e+00
6.590765853226500326e+00
7.657722308068112937e+00
8.055565398219577844e+00
8.045819487325040598e+00
7.649036032728470325e+00
7.045273573691261504e+00
6.351971092924292073e+00
5.454009561787897198e+00
4.382027945537251057e+00
3.090644944286534468e+00
1.642954978277205935e+00
2.081424022438996546e-01
-1.084174254412629823e+00
-2.053472027191821425e+00
-2.963487953779103012e+00
-3.897325955518532226e+00
-4.630335863479182024e+00
-5.283464328665475662e+00
-5.531504214745849524e+00
-5.547574216749616483e+00
-5.375108108756912806e+00
-5.138912410314504520e+00
-4.863355098114849007e+00
-4.660142204844891722e+00
-4.207530327764605005e+00
-3.736316042128954962e+00
-3.061340267611533328e+00
-2.338877883544033587e+00
-2.003666879651176735e+00
-1.665927629500932650e+00
-1.683185582881898679e+00
-1.889417125619496929e+00
-2.132398810828638247e+00
-2.362359376962784641e+00
-2.731514118182279294e+00
-3.471759854161874159e+00
-4.141680701842314960e+00
-4.768948811719060821e+00
-5.287971842328207828e+00
-5.564989061298122763e+00
-5.509818833712099462e+00
-5.351437671193785661e+00
-5.164011809576448897e+00
-5.069399825215278099e+00
-4.335163262694483599e+00
