-8.161194464929032222e+01
-5.246702366644867510e+01
-3.044373600303148919e+01
-5.470624350639913480e+00
2.160081574162066431e+01
4.742808640369489126e+01
7.324057104926562545e+01
9.859866688474426155e+01
1.209824048448133027e+02
1.425116520671458034e+02
1.616411769627228523e+02
1.754741520773002605e+02
1.891827209259314770e+02
2.006965523390474573e+02
2.067927605430893436e+02
2.108484197150582418e+02
2.137565221417857231e+02
2.129995183342033727e+02
2.121670269151043158e+02
2.086380109296710827e+02
1.966051330957618575e+02
1.779255690903774507e+02
1.572527495651013680e+02
1.361994380444420187e+02
1.125219895131587862e+02
8.778549918968612076e+01
6.362813521686661034e+01
3.820560306889127844e+01
1.262301772701313674e+01
-1.138673736815995952e+01
-3.795520314227528047e+01
-6.518348363757486652e+01
-9.012749442746076056e+01
-1.160153306214662337e+02
-1.402076482872088548e+02
-1.587632448146786146e+02
-1.738538447452586695e+02
-1.862905697461614807e+02
-1.921041125461459558e+02
-1.968623027322686880e+02
-2.045135361609118831e+02
-2.087281893275298614e+02
-2.066186389518333613e+02
-2.024699059907431433e+02
-1.969949684991174763e+02
-1.855433366240175985e+02
-1.689943118938553539e+02
-1.500777782628289856e+02
-1.285840353125782940e+02
-1.071780460643404922e+02
-8.582815140791946362e+01
-6.040605293368142981e+01
-3.415472231274767267e+01
-7.614543427878572857e+00
2.048798055634367543e+01
4.728402937146929474e+01
7.279742359992660283e+01
9.859594746096045981e+01
1.246443613660265441e+02
1.450633847447165863e+02
1.614341866363180316e+02
1.789481448139730446e+02
1.930283553498302069e+02
2.008443739639503178e+02
2.070960307260104969e+02
2.129299290257214352e+02
2.153885064548080379e+02
2.145320851418709651e+02
2.100004213814371781e+02
1.999364588098036393e+02
1.876277009079312279e+02
1.727048072835912933e+02
1.535771011328642714e+02
1.342386720136250347e+02
1.130042371812220523e+02
8.903706243181642321e+01
6.522405371982402755e+01
4.082664694105513803e+01
1.680684198625750270e+01
-7.054570031785023509e+00
-3.172760668166689157e+01
-5.732693763772142859e+01
-8.560903639582573987e+01
-1.125833652565317919e+02
-1.348094783960017367e+02
-1.543746263975335467e+02
-1.711135185727144972e+02
-1.842297592661509498e+02
-1.960940135215465716e+02
-2.048916541467605725e+02
-2.082380064893716280e+02
-2.096950855094666224e+02
-2.071487636187429189e+02
-2.004134864098066373e+02
-1.935457504942899618e+02
-1.834713384820224746e+02
-1.678649590816674788e+02
-1.496419474276440553e+02
-1.262839286228610405e+02
-9.845015177800860329e+01
-7.297905358612901239e+01
-5.144492885348539346e+01
-2.998041101221746274e+01
-3.702003660217167980e+00
2.341229865290683065e+01
4.829681930706065884e+01
7.325510426537485387e+01
9.764107540412342701e+01
1.202139267104094955e+02
1.426164001618628845e+02
1.611918614843582418e+02
1.749840681329012853e+02
1.891497921402689144e+02
1.996790601958666400e+02
2.059674123023687002e+02
2.114756655435694483e+02
2.141176081288921580e+02
2.125935889564179320e+02
2.117448934703554926e+02
2.068963627535877663e+02
1.924193238012797451e+02
1.733007929258620550e+02
1.542128123237081070e+02
1.334269148712372441e+02
1.089235950200096852e+02
8.504998393131668877e+01
6.249888626929384827e+01
3.804711829916163879e+01
1.268783318136895133e+01
-1.243663989669975756e+01
-3.959513100028458865e+01
-6.572688521843382148e+01
-9.082018219278062077e+01
-1.177699426129375553e+02
-1.404179843437943020e+02
-1.576123555561188709e+02
-1.727438304208925217e+02
-1.851283921889821897e+02
-1.913650089375017558e+02
-1.974531663148994198e+02
-2.053551949367551686e+02
-2.081726577908539753e+02
-2.064481314949380533e+02
-2.042408252763510177e+02
-1.994260617614570776e+02
-1.871919432290579550e+02
-1.701377779070517988e+02
-1.505976583620783344e+02
-1.288305402303458038e+02
-1.074573773410894830e+02
-8.465562201442870105e+01
-5.838026192923233282e+01
-3.267567925678018526e+01
-6.477768346875429017e+00
2.108563848740277535e+01
4.715408410231817982e+01
7.263371371943978261e+01
9.845879365980452746e+01
1.237056911247209001e+02
1.446346640563335484e+02
1.638967465522502494e+02
1.827308439775905242e+02
1.953714260496498980e+02
2.028014792667051722e+02
2.097983022008358773e+02
2.146548498795615956e+02
2.153477355612855604e+02
2.133053016496121188e+02
2.070669055000973628e+02
1.964659188959067535e+02
1.851163191087823350e+02
1.704796567512748879e+02
1.528226284694317485e+02
1.356198635609229086e+02
1.153931990311522782e+02
9.164096157018052224e+01
6.669159393986943485e+01
4.038109444137774062e+01
1.576634676177068073e+01
-6.984529290616054098e+00
-3.165380296181072239e+01
-5.960027872883149058e+01
-8.854129741293981226e+01
-1.134832514295986812e+02
-1.348481585996253216e+02
-1.545441923740945072e+02
-1.710122208732852300e+02
-1.843421423769397620e+02
-1.958536742183225385e+02
-2.036311044291759629e+02
-2.086989288443294015e+02
-2.114983082508882433e+02
-2.085774165433764722e+02
-2.036630297128294274e+02
-1.980067129137033817e+02
-1.863485073232632203e+02
-1.696487367040581660e+02
-1.507353376699460625e+02
-1.260297895025198613e+02
-9.739324521871409956e+01
-7.303947975540079085e+01
-5.336649062490699436e+01
-3.172958756015729165e+01
-5.973361330079568710e+00
1.919805246058325210e+01
4.407431484419268486e+01
7.041253747513297867e+01
9.562469510776342929e+01
1.194548576701047011e+02
1.429064992615518008e+02
1.618641620128708212e+02
1.773691637769711633e+02
1.923237513655038811e+02
2.019932755837282912e+02
2.081109113515007323e+02
2.133132798401656487e+02
2.145312739598763301e+02
2.122081466385768636e+02
2.111415879859504798e+02
2.059477597145233005e+02
1.911235418608772534e+02
1.729497453911756395e+02
1.549935216749998972e+02
1.335722235397084887e+02
1.084703052536355443e+02
8.482041181359052473e+01
6.198235108672711391e+01
3.721455748495803562e+01
1.187711994599656151e+01
-1.431335567389832519e+01
-4.152307130956208425e+01
-6.598656526091167507e+01
-9.043714233473976094e+01
-1.155373724153500206e+02
-1.355571542965238052e+02
-1.528040065061371422e+02
-1.696642706820433375e+02
-1.835186753068416863e+02
-1.920033371254483541e+02
-1.999206403851854930e+02
-2.071725308791854161e+02
-2.083578025045296158e+02
-2.062881863831845237e+02
-2.039400640083833025e+02
-1.975940900001805858e+02
-1.844934332949857207e+02
-1.680365117074562420e+02
-1.492812822691362840e+02
-1.289942499347766045e+02
-1.086705721494975592e+02
-8.541469105473346701e+01
-5.928035923556562636e+01
-3.353740974338131053e+01
-5.892757619332778418e+00
2.337675304619749994e+01
5.036181116686899628e+01
7.557151502124850140e+01
1.001900896474644043e+02
1.243260347117164315e+02
1.464389305287145646e+02
1.669863423160313971e+02
1.844349611596148293e+02
1.949137468221357210e+02
2.016291592164347151e+02
2.091010172451457265e+02
2.142948134549387760e+02
2.150070384249765141e+02
2.130446801267999604e+02
2.067137672755120832e+02
1.965103472895112589e+02
1.859736580588673007e+02
1.722016528795890622e+02
1.554602946466196443e+02
1.388033371828061036e+02
1.184730737678829655e+02
9.374066095959298650e+01
6.760193598991891406e+01
4.042364327834972926e+01
1.504658405543034227e+01
-8.229190115174683129e+00
-3.256382983792271091e+01
-6.072869103723307660e+01
-8.959883171656520062e+01
-1.135530855273595137e+02
-1.338167611607222511e+02
-1.530131939906000866e+02
-1.703090812724609293e+02
-1.851160583693571482e+02
-1.981962218389184898e+02
-2.067228953849131301e+02
-2.106973295577645899e+02
-2.122916682097326202e+02
-2.086532101404405921e+02
-2.025994320452855959e+02
-1.951219138983611003e+02
-1.821368779519864347e+02
-1.659297021712418996e+02
-1.484876087503445206e+02
-1.257000688949290179e+02
-9.900567991064832540e+01
-7.631086966070672872e+01
-5.776504183981091245e+01
-3.607774864372731827e+01
-9.877641389262503679e+00
1.614786787192975481e+01
4.217658875177012590e+01
6.948536505172322109e+01
9.537243715804484623e+01
1.192791218744721107e+02
1.413997549581669659e+02
1.596358772357521616e+02
1.764604941917660028e+02
1.922704355190900003e+02
2.020108385555886343e+02
2.089563322925332329e+02
2.155045586685510273e+02
2.173494820049013470e+02
2.151551473391523359e+02
2.128949452892520355e+02
2.056114518632982708e+02
1.896696943653537062e+02
1.712655946173599659e+02
1.535374796249623444e+02
1.325784587080474353e+02
1.084121801070369742e+02
8.563060214579518004e+01
6.265245544673560119e+01
3.752002158495116646e+01
1.174278377777135951e+01
-1.569831037593937317e+01
-4.273522157351274586e+01
-6.551571333617521020e+01
-8.858018811238774504e+01
-1.124418165148235857e+02
-1.317933760201095481e+02
-1.491136167764485947e+02
-1.670004700676212508e+02
-1.818544915786767149e+02
-1.919555597736830919e+02
-2.013963378870283236e+02
-2.097116131252596176e+02
-2.110051879187219015e+02
-2.076386406474096589e+02
-2.032227037618432632e+02
-1.945501800847678453e+02
-1.806924393745059092e+02
-1.654310439688629799e+02
-1.483523343297651138e+02
-1.289877699597936669e+02
-1.095298985623083752e+02
-8.677706557944327415e+01
-6.049219531513281112e+01
-3.444680806166437037e+01
-6.193938902401080249e+00
2.452764212870126670e+01
5.310088068514136950e+01
7.863581361140263937e+01
1.025085943212171031e+02
1.250577162406073342e+02
1.454609529768964649e+02
1.650060282781163608e+02
1.818635756337828013e+02
1.928453053675316085e+02
2.013453329999404957e+02
2.106659913732422353e+02
2.169790011301121808e+02
2.178423910277453501e+02
2.156448179004669043e+02
2.090590341438358166e+02
1.983710696846326869e+02
1.870917207823895296e+02
1.723780131915724780e+02
1.543546746253636854e+02
1.360453441737864750e+02
1.149597754977377946e+02
9.124203460915975938e+01
6.664570180020490398e+01
4.048992230270960135e+01
1.518175686282669545e+01
-8.530163492956749138e+00
-3.288842694793941490e+01
-6.093892225265538087e+01
-8.937887965014846259e+01
-1.123767939686795501e+02
-1.321052202719486104e+02
-1.510752168428926439e+02
-1.682816163652334751e+02
-1.830764667472988663e+02
-1.957845719055637232e+02
-2.036838971963661038e+02
-2.082973863241400068e+02
-2.098162489804694815e+02
-2.056574907838215154e+02
-2.001124093434654583e+02
-1.931305178531226829e+02
-1.803072063998851320e+02
-1.647268559711651221e+02
-1.482154900470784753e+02
-1.273588170165124893e+02
-1.039142839056479914e+02
-8.265628143464928712e+01
-6.215209021879277884e+01
-3.685040636788287571e+01
-8.684937682276855142e+00
1.767949498930909158e+01
4.413254466890439431e+01
7.150122325841350346e+01
9.675948254998480991e+01
1.204211267321466181e+02
1.424016730301473501e+02
1.597419858493561833e+02
1.760008283150240516e+02
1.909169452192094809e+02
2.004137696774565995e+02
2.083718464342603340e+02
2.155203436969619020e+02
2.174432535709002536e+02
2.156133504463822419e+02
2.118474478240565873e+02
2.016726721797975017e+02
1.857127237896057181e+02
1.696926769442765135e+02
1.532978704927502633e+02
1.328775507391509336e+02
1.110131520923870028e+02
9.023478334427299785e+01
6.670413889276082386e+01
4.053759077183354975e+01
1.452461344233807949e+01
-1.293603033246075640e+01
-4.044682643850183723e+01
-6.523962195888967130e+01
-9.031117296758827706e+01
-1.135016518411222251e+02
-1.312663865745502960e+02
-1.475564831422219640e+02
-1.652796265529078141e+02
-1.809494835220257301e+02
-1.936073040275618666e+02
-2.038035961078109324e+02
-2.086283635860026209e+02
-2.071665607535580023e+02
-2.041180256000604061e+02
-1.997781936200734094e+02
-1.904609656446835686e+02
-1.779520107752806837e+02
-1.643681790758751902e+02
-1.478181313341748933e+02
-1.293275274058144646e+02
-1.096443683215178879e+02
-8.486721293523990539e+01
-5.840347227838258704e+01
-3.214670541342528054e+01
-3.514457124183284265e+00
2.479850660518357230e+01
5.144182063060650734e+01
7.694141826992679967e+01
1.004766369017324905e+02
1.225456034569484274e+02
1.439766839966737848e+02
1.643613257698480083e+02
1.798736431585484468e+02
1.910808660569066717e+02
2.035689118801035420e+02
2.150371524731881721e+02
2.202265559938610693e+02
2.198242734898335584e+02
2.162595159002186165e+02
2.088675151098384219e+02
1.995263464382304051e+02
1.876871839828786221e+02
1.710381156170207930e+02
1.537453041630502355e+02
1.343001419138561801e+02
1.123304704791613773e+02
9.108313080087751246e+01
6.752060372215024131e+01
4.079883860104256144e+01
1.503989294718103231e+01
-9.876647334594522931e+00
-3.794924364297202146e+01
-6.830339603188599540e+01
-9.454308553500129619e+01
-1.159766518557767085e+02
-1.371221284246203140e+02
-1.561258928348802044e+02
-1.712832950450998339e+02
-1.846578552621271854e+02
-1.954131389241160832e+02
-2.016089741527889885e+02
-2.060221624484172764e+02
-2.065789370703907366e+02
-2.035163933809917296e+02
-2.004924144277290168e+02
-1.926840246736030053e+02
-1.786237884006255001e+02
-1.638698329955096824e+02
-1.475604371404327537e+02
-1.275677925542110245e+02
-1.075886799011474011e+02
