-1.257253763249759615e+01
7.033877442423897008e+00
3.308773213360105814e+01
5.934878441902726820e+01
8.537743150511391832e+01
1.086330006539206323e+02
1.312204049584125300e+02
1.515955691993195558e+02
1.668329052525001828e+02
1.820907571680026820e+02
1.952619850593166007e+02
2.030880525957365421e+02
2.089471831638281287e+02
2.136737110313862900e+02
2.147592839659511696e+02
2.157210613162280026e+02
2.139368551277886183e+02
2.035579261433836109e+02
1.864264959953059133e+02
1.671787410812559074e+02
1.473837173713210404e+02
1.247943322215670179e+02
1.009434761319292875e+02
7.747736529229462121e+01
5.251720203922598529e+01
2.717385277193742965e+01
3.173300303511206177e+00
-2.361139766339562129e+01
-5.127904675189592609e+01
-7.688670637481817494e+01
-1.036590258030479390e+02
-1.289141009693003923e+02
-1.487256868883654874e+02
-1.652137471300231368e+02
-1.792055066157582814e+02
-1.866614954293249298e+02
-1.931598967841371746e+02
-2.026030987729809851e+02
-2.086476766362595754e+02
-2.083680509572236588e+02
-2.060262406010420193e+02
-2.022984149056314607e+02
-1.925030320892110183e+02
-1.775055888450492318e+02
-1.599980183610225026e+02
-1.397660144302821266e+02
-1.194446391448337437e+02
-9.899762939603864709e+01
-7.426103442707048430e+01
-4.847322191060799668e+01
-2.217803051828951055e+01
5.918742047971697673e+00
3.293792368341442511e+01
5.891253759721384142e+01
8.537586308094074639e+01
1.122926569659586704e+02
1.337744396352045726e+02
1.513931775012190712e+02
1.703103474079127011e+02
1.859340895926801522e+02
1.953994566379541027e+02
2.033970759866647882e+02
2.110286942645374495e+02
2.153148961811094182e+02
2.162872485652223418e+02
2.135556049921254100e+02
2.052376050071424061e+02
1.945804939555529813e+02
1.812057341885197559e+02
1.634904388134861222e+02
1.454241023401147004e+02
1.252731286808444651e+02
1.021984887927993526e+02
7.906523216811579857e+01
5.513939691100048179e+01
3.135882803079243075e+01
7.506616849450717055e+00
-1.738840341118368826e+01
-4.342479917117164234e+01
-7.236479713439732109e+01
-1.002132573930162067e+02
-1.235205332864897372e+02
-1.443347682620452019e+02
-1.624837727937903935e+02
-1.771343442994363215e+02
-1.906502454051149300e+02
-2.011903974081935758e+02
-2.063390701473167610e+02
-2.096168748174175960e+02
-2.088924259962182362e+02
-2.039560197650542932e+02
-1.988526481095897509e+02
-1.904379345747414618e+02
-1.763785362420365459e+02
-1.595621857357915303e+02
-1.374682079497401048e+02
-1.107282459043778715e+02
-8.614968257385882566e+01
-6.529645913808860769e+01
-4.429546119133800630e+01
-1.825513891431667801e+01
8.838459726184444420e+00
3.395876524614202197e+01
5.935641700761089368e+01
8.441753981531789464e+01
1.078599221011664184e+02
1.313389560982268733e+02
1.511612041855707389e+02
1.663451197272303261e+02
1.820486257555932639e+02
1.942272422423448290e+02
2.022650063542371299e+02
2.095686793644243835e+02
2.140439960651474678e+02
2.143453029610295175e+02
2.153023772902189421e+02
2.121940595321867704e+02
1.993801684760377384e+02
1.818143718762771925e+02
1.641434024681670394e+02
1.446065937797659160e+02
1.211867368917171035e+02
9.820566066438465214e+01
7.634926734433248896e+01
5.236446868745737504e+01
2.724211943507908273e+01
2.124546984535985672e+00
-2.525592772980139245e+01
-5.182474854193006308e+01
-7.757594293135218777e+01
-1.054055861673830208e+02
-1.291198366075354329e+02
-1.475747994198518143e+02
-1.641117844327932289e+02
-1.780421780589683749e+02
-1.859292924482062972e+02
-1.937450089488068272e+02
-2.034470577579994597e+02
-2.080909958900191441e+02
-2.082009947091142124e+02
-2.077983108862604809e+02
-2.047249059595745848e+02
-1.941504876946407876e+02
-1.786456054395058857e+02
-1.605201986694470691e+02
-1.400205709751858478e+02
-1.197308710491083588e+02
-9.782970042089829121e+01
-7.223064300427097351e+01
-4.699417885464050215e+01
-2.102745418223515728e+01
6.523302396602459474e+00
3.281488083183498361e+01
5.873732667085103287e+01
8.522605544425212543e+01
1.113493845162565776e+02
1.333457189468215347e+02
1.538637908343335994e+02
1.740953485707514403e+02
1.882840609200254676e+02
1.973623115686239089e+02
2.061050970894051204e+02
2.127513149092023923e+02
2.152695248692365340e+02
2.150478130274768489e+02
2.106232383203501684e+02
2.017590134661093089e+02
1.920783147831509439e+02
1.789851858645998277e+02
1.627520694043261074e+02
1.467995424694515805e+02
1.276597903215994592e+02
1.047908868852874349e+02
8.054312422447264908e+01
5.469269341171245458e+01
3.032523343383122238e+01
7.580107009359466019e+00
-1.730654806419127567e+01
-4.570044226150293554e+01
-7.530971019699802582e+01
-1.011257956115697851e+02
-1.235603626996779099e+02
-1.445008830298203293e+02
-1.623732724676142709e+02
-1.772409759922640831e+02
-1.904110571015015125e+02
-1.999286984810444494e+02
-2.067953920839241562e+02
-2.114223959779683639e+02
-2.103337309663384644e+02
-2.072170641139530574e+02
-2.033044096923023574e+02
-1.933082027884566401e+02
-1.781577152361228684e+02
-1.606647786048404214e+02
-1.372175200381847446e+02
-1.096690391359081502e+02
-8.620550653473412694e+01
-6.721572070033499813e+01
-4.604233574005657204e+01
-2.052189616582866094e+01
4.636865579347515975e+00
2.972936015574845214e+01
5.651269921775840288e+01
8.239080768264645371e+01
1.071008512708155678e+02
1.316279059883512161e+02
1.518289060857789536e+02
1.687290661617356307e+02
1.852214339812175865e+02
1.965518076764718387e+02
2.044154078209408851e+02
2.114097448698064454e+02
2.144519122682166596e+02
2.139552584347919435e+02
2.146921711782883051e+02
2.112466057026869066e+02
1.980820863264600575e+02
1.814598731328049439e+02
1.649160619823686318e+02
1.447634052841592336e+02
1.207426479620437476e+02
9.798643859292387504e+01
7.582237853540827643e+01
5.152385624611754622e+01
2.643025520009606311e+01
2.604832528240674794e-01
-2.718041683029304068e+01
-5.208557779397251863e+01
-7.721130653675902522e+01
-1.031764653885352629e+02
-1.242716586057515826e+02
-1.427675977893886170e+02
-1.610287752752042820e+02
-1.764221093405164424e+02
-1.865549685906662774e+02
-1.962170834374433355e+02
-2.052620934912545181e+02
-2.082761406036947847e+02
-2.080329979702244145e+02
-2.074929474098963738e+02
-2.028986874063051857e+02
-1.914611803873153804e+02
-1.765477904486961620e+02
-1.592072719952448381e+02
-1.401796802612662702e+02
-1.209498172754774430e+02
-9.858532004246328029e+01
-7.312613810220780408e+01
-4.784670850454080693e+01
-2.044474366386770825e+01
8.807514537825516854e+00
3.601455626924955311e+01
6.167973018105621463e+01
8.696310463991909501e+01
1.119697298932981653e+02
1.351534348379423420e+02
1.569499335992828435e+02
1.758029151715155081e+02
1.878171808558104487e+02
1.961876930992243047e+02
2.053974602974035690e+02
2.123924276941440894e+02
2.149288259428814172e+02
2.147963941314115459e+02
2.102689508862002867e+02
2.018103442772854805e+02
1.929310515248394609e+02
1.807071802028679599e+02
1.653828349539883789e+02
1.499818668817701734e+02
1.307350664300257677e+02
1.068917354842644727e+02
8.145231527491149848e+01
5.473984266703484280e+01
2.960547072749087860e+01
6.334296975236259009e+00
-1.821427473112805728e+01
-4.683000377946910930e+01
-7.636149308266237767e+01
-1.011864288726297900e+02
-1.225232156328598165e+02
-1.429710356459365528e+02
-1.616747332851404053e+02
-1.780160411942460428e+02
-1.927559049312726813e+02
-2.030193402272169862e+02
-2.087903433786195251e+02
-2.122088553092871166e+02
-2.104095227733564855e+02
-2.061592178643703051e+02
-2.004184596773494604e+02
-1.890988736263550720e+02
-1.744455795407861558e+02
-1.584239503127644753e+02
-1.368900996397690903e+02
-1.112826248274530201e+02
-8.948379885761173114e+01
-7.160967149688852373e+01
-5.038589640527619906e+01
-2.442157580666119543e+01
1.577480153993193746e+00
2.783163406332588963e+01
5.558782879356989071e+01
8.214545036045348070e+01
1.069343181019298328e+02
1.301200106853557941e+02
1.496029197277894411e+02
1.678215457860950437e+02
1.851704183439788949e+02
1.965659212295923908e+02
2.052504769256619284e+02
2.135998726985811800e+02
2.172701203132417049e+02
2.169103107625036557e+02
2.164501288999402675e+02
2.109102978514618769e+02
1.966247876221506772e+02
1.797722729402494792e+02
1.634611691418956525e+02
1.437742408708485584e+02
1.206856738150558215e+02
9.879317950638875345e+01
7.649133368585216886e+01
5.183737197324691692e+01
2.630167044983189939e+01
-1.132523076353220137e+00
-2.839601830302954610e+01
-5.162507770554748276e+01
-7.534975010601053214e+01
-1.000878119055805087e+02
-1.205009797018117013e+02
-1.390749096405708656e+02
-1.583649728707361533e+02
-1.747590766119620582e+02
-1.865140936564726815e+02
-1.976904807301109770e+02
-2.078103765740295330e+02
-2.109281264362374486e+02
-2.093926548611964336e+02
-2.067698375354413258e+02
-1.998444238645349458e+02
-1.876509838400887134e+02
-1.739377205017064512e+02
-1.582771748463090660e+02
-1.401709000771081435e+02
-1.218056924795024116e+02
-9.994999477634827656e+01
-7.434487480930059178e+01
-4.876875886831052753e+01
-2.075282557446162102e+01
9.957252620718659131e+00
3.875937720548296284e+01
6.474057756242450523e+01
8.928275852323636741e+01
1.127037098413182150e+02
1.341835089132604537e+02
1.549707705609784512e+02
1.732269292273331303e+02
1.857441389828559579e+02
1.959004156739442237e+02
2.069658856342858826e+02
2.150743151601423335e+02
2.177676297544361148e+02
2.173884802779422785e+02
2.126165179636992661e+02
2.036687646731856205e+02
1.940571658754979580e+02
1.808858407240265649e+02
1.642772149327324200e+02
1.472261740819257341e+02
1.272206171602699953e+02
1.043988605517922821e+02
8.049033145728252236e+01
5.480497248183014136e+01
2.973604311653682686e+01
6.035623806629400789e+00
-1.854002284075539464e+01
-4.703563457654099977e+01
-7.613924080707043629e+01
-1.000124357330789877e+02
-1.208151241628259811e+02
-1.410376607066255872e+02
-1.596495703771341823e+02
-1.759856521989346447e+02
-1.903454042074824599e+02
-1.999757398302735396e+02
-2.063869489362091372e+02
-2.097334360800240347e+02
-2.074092047884330441e+02
-2.036698931633289078e+02
-1.984270636321110715e+02
-1.872646016559033626e+02
-1.732381347124050421e+02
-1.581449309819728342e+02
-1.385499969709171353e+02
-1.161854774044916354e+02
-9.582805963194368815e+01
-7.600477150300662288e+01
-5.116775675617861907e+01
-2.323117230885074491e+01
3.113707689722949645e+00
2.979219218885661391e+01
5.760483620982475372e+01
8.353594696117924912e+01
1.080659711232929254e+02
1.311150281298105256e+02
1.497067281322182737e+02
1.673745319548397390e+02
1.838295800895850221e+02
1.949654029327206217e+02
2.046648400677784139e+02
2.136122065182062215e+02
2.173707925067661790e+02
2.173639134513832119e+02
2.153980310163944125e+02
2.069703671683504353e+02
1.926724192547991095e+02
1.782005044767306003e+02
1.632215617997296135e+02
1.440652812748158169e+02
1.232854965908412765e+02
1.033927584964700941e+02
8.054761755022779823e+01
5.484918974216825660e+01
2.908004890561278799e+01
1.628605967514762387e+00
-2.610187175005759741e+01
-5.133863449195050777e+01
-7.707383433368548253e+01
-1.011441960230933006e+02
-1.199797398841674578e+02
-1.375212254250840260e+02
-1.566429801464581146e+02
-1.738494681369606667e+02
-1.881600864923904339e+02
-2.001000391600687749e+02
-2.067271270347725931e+02
-2.070883482714629338e+02
-2.058651391863215565e+02
-2.033276276028466611e+02
-1.957632628416329794e+02
-1.849128554500387054e+02
-1.728783068175045230e+02
-1.577418208511082298e+02
-1.405175581506545370e+02
-1.219236134474977860e+02
-9.803899113253429221e+01
-7.225040214463538746e+01
-4.645945359332456093e+01
-1.806989437750404193e+01
1.022121825972140918e+01
3.709686594216226752e+01
6.304503122133804283e+01
8.725425052249153168e+01
1.101915970576592798e+02
1.326934903051227934e+02
1.543260680527100988e+02
1.712369967520987473e+02
1.839854510901920435e+02
1.981274457628931316e+02
2.113335955254460146e+02
2.183241702330664396e+02
2.197460610077384615e+02
2.180181305323557694e+02
2.124215477209160667e+02
2.048263434260045983e+02
1.946399788205464176e+02
1.795459431494749083e+02
1.636678444704189701e+02
1.454867214499104477e+02
1.246016639780050070e+02
1.042411059530746087e+02
8.136178217044201233e+01
5.511273778055247874e+01
2.959647941006637240e+01
4.693740383342034583e+00
-2.360658916370298499e+01
-5.440700898329724566e+01
-8.130459590148784343e+01
-1.036122954102221883e+02
-1.258331833151083146e+02
-1.460894859081776929e+02
-1.626535474761296882e+02
-1.775589890866267240e+02
-1.899751222256454639e+02
-1.979019677863070399e+02
-2.041243771059730534e+02
-2.064949749603806595e+02
-2.052658071764280976e+02
-2.040395482013270794e+02
-1.979794194529807498e+02
-1.855892334937339285e+02
-1.723788097375283144e+02
-1.574956294932881349e+02
-1.387566740894865234e+02
-1.198702252363024883e+02
-1.002735465414155556e+02
-7.687967163490590394e+01
-4.888751486148697722e+01
