-1.725856999999999974e+00
-2.766769000000000034e+00
-3.969600000000000239e+00
-5.337564000000000419e+00
-6.662476999999999983e+00
-7.915426000000000073e+00
-9.041152999999999551e+00
-9.990823999999999927e+00
-1.055175999999999981e+01
-1.072974299999999914e+01
-1.090901099999999957e+01
-1.072653099999999959e+01
-1.041297199999999989e+01
-9.515989000000001141e+00
-8.201997999999999678e+00
-6.612358999999999654e+00
-4.729722999999999900e+00
-2.668461000000000194e+00
-4.953969999999999763e-01
1.826736000000000137e+00
4.174570000000000114e+00
6.613001999999999825e+00
8.875377999999999545e+00
1.089230500000000035e+01
1.228468499999999963e+01
1.323435700000000104e+01
1.360445899999999853e+01
1.353891999999999918e+01
1.292979399999999934e+01
1.192486399999999946e+01
1.009620100000000065e+01
7.677045000000000563e+00
4.837026999999999965e+00
1.664815999999999852e+00
-1.781757999999999953e+00
-5.205200999999999745e+00
-8.561176999999998927e+00
-1.183169599999999910e+01
-1.476488200000000006e+01
-1.715126899999999921e+01
-1.893623900000000049e+01
-2.012172200000000188e+01
-2.077711100000000144e+01
-2.083558199999999871e+01
-2.020718000000000103e+01
-1.894266500000000164e+01
-1.694951199999999858e+01
-1.432410100000000064e+01
-1.105229700000000115e+01
-7.460510000000000197e+00
-3.715154999999999763e+00
1.105170000000000041e-01
3.807037999999999922e+00
7.245902000000000065e+00
1.050742500000000135e+01
1.347530800000000006e+01
1.589510699999999943e+01
1.755156999999999812e+01
1.835666999999999760e+01
1.857256299999999882e+01
1.827056999999999931e+01
1.742627500000000040e+01
1.588803899999999913e+01
1.376059500000000035e+01
1.086981700000000117e+01
7.389829999999999899e+00
3.661824000000000190e+00
-2.139649999999999885e-01
-3.985663999999999874e+00
-7.636565000000000047e+00
-1.129646200000000000e+01
-1.479636700000000005e+01
-1.782914600000000149e+01
-2.015834699999999913e+01
-2.177561500000000194e+01
-2.263468899999999806e+01
-2.258714100000000258e+01
-2.211101999999999990e+01
-2.107139300000000048e+01
-1.938987099999999941e+01
-1.680879600000000096e+01
-1.351514599999999966e+01
-9.746016999999998376e+00
-5.715376000000000012e+00
-1.678952000000000000e+00
2.265589000000000297e+00
5.872155000000000236e+00
9.167733000000000132e+00
1.229175299999999993e+01
1.475974199999999925e+01
1.638857599999999692e+01
1.725921500000000108e+01
1.750273699999999977e+01
1.712492499999999751e+01
1.613927100000000081e+01
1.464279999999999937e+01
1.256226199999999871e+01
9.789068000000000325e+00
6.611073999999999451e+00
3.139441000000000148e+00
-3.662469999999999892e-01
-3.580222000000000016e+00
-6.311009000000000313e+00
-8.744301000000000101e+00
-1.120329400000000142e+01
-1.338471100000000114e+01
-1.506816000000000066e+01
-1.617396800000000212e+01
-1.650937300000000008e+01
-1.631596899999999906e+01
-1.573318699999999914e+01
-1.477516299999999916e+01
-1.344639399999999974e+01
-1.175330600000000025e+01
-9.731882000000000588e+00
-7.476573000000000135e+00
-5.105608000000000146e+00
-2.726932000000000134e+00
-5.384469999999998979e-01
1.474625000000000075e+00
3.379750000000000032e+00
5.145445000000000491e+00
6.500557999999999836e+00
7.473360000000000447e+00
8.055500000000000327e+00
8.242477999999998417e+00
7.987390999999999686e+00
7.409106000000000414e+00
6.925275000000000070e+00
6.052065999999999946e+00
4.784981000000000151e+00
3.214617999999999753e+00
1.544019000000000030e+00
-1.574220000000000064e-01
-1.702083000000000013e+00
-2.976878999999999831e+00
-3.881571999999999800e+00
-4.790764000000000244e+00
-5.691601999999999606e+00
-6.287878000000000078e+00
-6.368836999999999193e+00
-6.151659000000000432e+00
-5.643412000000000539e+00
-5.023363000000000689e+00
-4.211195000000000022e+00
-3.724150999999999989e+00
-3.253169999999999895e+00
-2.582361000000000129e+00
-1.869785999999999948e+00
-1.348687000000000191e+00
-1.121871000000000063e+00
-1.275438000000000072e+00
-1.541449000000000069e+00
-1.942393000000000036e+00
-2.570152000000000214e+00
-3.143295999999999868e+00
-3.663109999999999644e+00
-4.337131999999999543e+00
-5.243752999999999886e+00
-5.994880000000000209e+00
-6.289163000000000281e+00
-6.261533000000000015e+00
-5.967251000000000083e+00
-5.553457000000000754e+00
-4.898068000000000310e+00
-4.076261999999999830e+00
-3.099604000000000248e+00
-1.736779999999999990e+00
-1.079460000000000003e-01
1.429004999999999859e+00
2.746208000000000204e+00
3.916911999999999949e+00
5.097255000000000535e+00
6.267316000000000109e+00
6.993383999999999823e+00
7.600583000000000311e+00
8.121038999999999675e+00
8.102404999999999191e+00
7.418102000000000196e+00
6.470358000000000054e+00
5.322142999999999624e+00
3.974741000000000302e+00
2.390241999999999756e+00
4.626270000000000104e-01
-1.741277999999999881e+00
-4.143728000000000300e+00
-6.587943000000000104e+00
-8.860599999999999810e+00
-1.082548099999999991e+01
-1.249029800000000101e+01
-1.413198199999999893e+01
-1.558668900000000157e+01
-1.649202500000000171e+01
-1.691931199999999791e+01
-1.657234199999999902e+01
-1.565608300000000064e+01
-1.421230000000000082e+01
-1.243503899999999973e+01
-1.028189399999999942e+01
-7.661623999999999768e+00
-4.594789999999999708e+00
-1.119944000000000051e+00
2.408875000000000099e+00
5.787982999999999656e+00
8.859956999999999638e+00
1.159974000000000061e+01
1.392251500000000064e+01
1.581414700000000018e+01
1.736137899999999945e+01
1.796857699999999980e+01
1.773212299999999786e+01
1.674839700000000065e+01
1.502960799999999963e+01
1.287132300000000029e+01
1.012061699999999931e+01
6.979249000000000258e+00
3.370754999999999946e+00
-6.894430000000000280e-01
-4.925054000000000265e+00
-8.940274999999999750e+00
-1.247487700000000110e+01
-1.545496799999999915e+01
-1.797179000000000215e+01
-1.998100600000000071e+01
-2.158349600000000024e+01
-2.259356599999999915e+01
-2.287049999999999983e+01
-2.213800700000000177e+01
-2.051302799999999849e+01
-1.825900399999999735e+01
-1.559632700000000050e+01
-1.266763800000000018e+01
-9.301380999999999233e+00
-5.600362000000000506e+00
-1.649394999999999945e+00
2.385743999999999865e+00
6.149089000000000027e+00
9.449806999999999846e+00
1.236500299999999974e+01
1.473725300000000082e+01
1.676960099999999798e+01
1.821852399999999861e+01
1.895680099999999868e+01
1.893495400000000117e+01
1.804439700000000002e+01
1.644062199999999763e+01
1.430996499999999827e+01
1.177900800000000103e+01
8.879875999999999436e+00
5.525185000000000457e+00
1.594137000000000137e+00
-2.468631000000000242e+00
-6.454294999999999227e+00
-1.027032900000000026e+01
-1.355176999999999943e+01
-1.620159700000000313e+01
-1.820567400000000191e+01
-1.973298700000000139e+01
-2.081566300000000069e+01
-2.120696900000000085e+01
-2.076875799999999828e+01
-1.958263299999999774e+01
-1.772505500000000112e+01
-1.522879499999999986e+01
-1.243632400000000082e+01
-9.299452999999999747e+00
-5.917132999999999754e+00
-2.440360000000000085e+00
1.024205999999999950e+00
4.224045000000000272e+00
6.921420000000000350e+00
9.166448000000000818e+00
1.113068700000000000e+01
1.258860600000000041e+01
1.342519000000000062e+01
1.370983499999999999e+01
1.337700000000000067e+01
1.241897600000000068e+01
1.097454999999999892e+01
9.142032000000000380e+00
7.328147000000000411e+00
5.400532000000000110e+00
3.251243000000000105e+00
9.361779999999999546e-01
-1.427076999999999929e+00
-3.610421000000000102e+00
-5.658833000000000446e+00
-7.361558999999999742e+00
-8.695467999999999975e+00
-9.697185000000001054e+00
-1.052927099999999960e+01
-1.113004399999999983e+01
-1.120843400000000045e+01
-1.091543700000000072e+01
-1.034807599999999894e+01
-9.360495000000000232e+00
-8.085056999999999050e+00
-6.972180999999999962e+00
-5.978174000000000099e+00
-4.777912999999999855e+00
-3.347623000000000015e+00
-1.915405999999999942e+00
-5.782840000000000202e-01
5.937050000000000383e-01
1.324913999999999925e+00
1.795893999999999879e+00
2.258521000000000001e+00
2.490477999999999970e+00
2.711511000000000227e+00
2.585572999999999677e+00
2.070899999999999963e+00
1.335837000000000163e+00
5.532249999999999668e-01
-9.573800000000000365e-02
-8.243759999999999977e-01
-1.177130000000000010e+00
-1.425148999999999999e+00
-1.738708000000000142e+00
-2.110738000000000003e+00
-2.192982000000000209e+00
-1.833161000000000040e+00
-1.251663999999999888e+00
-4.960390000000000077e-01
2.840019999999999767e-01
9.374630000000000463e-01
1.496471000000000107e+00
2.052267000000000063e+00
2.388956999999999997e+00
2.726932000000000134e+00
2.653681999999999874e+00
2.275227000000000110e+00
1.626264000000000154e+00
6.457509999999999639e-01
-5.602930000000000410e-01
-1.873640999999999890e+00
-3.175423000000000329e+00
-4.617278999999999911e+00
-6.225551000000000279e+00
-7.900005999999999418e+00
-9.454947999999999908e+00
-1.067834000000000039e+01
-1.148793799999999976e+01
-1.173531499999999994e+01
-1.174238300000000024e+01
-1.135043500000000094e+01
-1.076444000000000045e+01
-9.909221999999999753e+00
-8.529049999999999798e+00
-6.699743999999999922e+00
-4.627558999999999756e+00
-2.499473000000000056e+00
-2.788619999999999988e-01
2.076041000000000025e+00
4.380824999999999747e+00
6.649625999999999593e+00
8.708960999999998620e+00
1.053376899999999949e+01
1.181884499999999960e+01
1.253463299999999947e+01
1.290087899999999976e+01
1.287967599999999990e+01
1.245817100000000011e+01
1.162801100000000076e+01
1.015724200000000010e+01
8.123609000000000080e+00
5.568235000000000490e+00
2.554731000000000307e+00
-4.947540000000000271e-01
-3.470991000000000160e+00
-6.549390999999999963e+00
-9.886091000000000406e+00
-1.301203800000000044e+01
-1.573575699999999955e+01
-1.788761700000000232e+01
-1.948946500000000270e+01
-2.047254799999999975e+01
-2.086128400000000127e+01
-2.055800599999999889e+01
-1.967451600000000056e+01
-1.818382700000000085e+01
-1.586619300000000088e+01
-1.285461700000000107e+01
-9.284675000000000011e+00
-5.483419999999999739e+00
-1.583855999999999931e+00
2.308638999999999886e+00
5.917775999999999925e+00
9.474866000000000454e+00
1.302553200000000011e+01
1.592659100000000016e+01
1.787219599999999886e+01
1.908852100000000007e+01
1.954022500000000306e+01
1.925493799999999922e+01
1.836438099999999807e+01
1.686084200000000166e+01
1.483813199999999988e+01
1.197691000000000017e+01
8.335646000000000555e+00
4.408453999999999873e+00
3.553240000000000287e-01
-3.596286000000000094e+00
-7.376337000000000366e+00
-1.097904800000000058e+01
-1.416796399999999956e+01
-1.703882499999999922e+01
-1.947918400000000005e+01
-2.117227199999999954e+01
-2.197287400000000090e+01
-2.201592399999999827e+01
-2.155458199999999991e+01
-2.050981499999999969e+01
-1.892403099999999938e+01
-1.677795400000000114e+01
-1.394114899999999935e+01
-1.047272800000000004e+01
-6.769139000000000017e+00
-3.206264999999999699e+00
3.231970000000000121e-01
3.783907000000000131e+00
7.136027999999999594e+00
1.032430200000000120e+01
1.314825699999999919e+01
1.524228800000000028e+01
1.665265899999999988e+01
1.733053699999999964e+01
1.719688899999999876e+01
1.656463099999999855e+01
1.546075100000000013e+01
1.396556499999999978e+01
1.167298899999999939e+01
8.669124000000000052e+00
5.286802999999999919e+00
1.831876000000000060e+00
-1.579358999999999957e+00
-4.805541999999999980e+00
-7.859526000000000678e+00
-1.074644900000000014e+01
-1.323307199999999995e+01
-1.514397999999999911e+01
-1.641813300000000098e+01
-1.715062599999999904e+01
-1.716990200000000044e+01
-1.672719400000000078e+01
-1.576467200000000091e+01
-1.441148600000000002e+01
-1.275952099999999945e+01
-1.057167899999999960e+01
-7.908358999999999916e+00
-5.196204999999999963e+00
-2.624125000000000263e+00
-3.212690000000000268e-01
1.707224000000000075e+00
3.502475000000000005e+00
5.173073999999999728e+00
6.596295999999999715e+00
7.655198999999999643e+00
8.032367999999999952e+00
8.029797999999999547e+00
7.645561000000000718e+00
7.058280999999999139e+00
6.375905000000000378e+00
5.470568999999999349e+00
4.389820000000000277e+00
3.089965999999999990e+00
1.641684999999999839e+00
2.165350000000000052e-01
-1.065327999999999831e+00
-2.025279999999999969e+00
-2.951176999999999939e+00
-3.903418999999999972e+00
-4.632698999999999678e+00
-5.286160999999999888e+00
-5.518117000000000161e+00
-5.536107999999999585e+00
-5.372260999999999953e+00
-5.148015000000000008e+00
-4.877506000000000341e+00
-4.677677000000000085e+00
-4.206053999999999959e+00
-3.734430999999999834e+00
-3.053341000000000083e+00
-2.336911000000000183e+00
-2.028493000000000102e+00
-1.680880000000000152e+00
-1.702083000000000013e+00
-1.899343000000000004e+00
-2.126157999999999770e+00
-2.346548999999999996e+00
-2.723719000000000001e+00
-3.483840999999999966e+00
-4.139872999999999692e+00
-4.757352000000000025e+00
-5.272024999999999295e+00
-5.545104000000000255e+00
-5.488559999999999661e+00
-5.346559000000000061e+00
-5.174358999999999931e+00
-5.090187000000000239e+00
-4.318497999999999948e+00
