2.120805393265466137e+02
2.131524905474585694e+02
2.088609961677833269e+02
2.017382128462176354e+02
1.934917096110136185e+02
1.821190102959236299e+02
1.675267696429597493e+02
1.513931793750143413e+02
1.315409858008902404e+02
1.091446049511069560e+02
8.459367696154016869e+01
5.664114394745527648e+01
2.943916719247834379e+01
2.056303663971376317e+00
-2.619070698473561620e+01
-5.221591911121117136e+01
-7.661122056489648458e+01
-1.022055740034999900e+02
-1.265484311431625031e+02
-1.456323096452903485e+02
-1.601395350212413575e+02
-1.750919195957646366e+02
-1.887363036624683730e+02
-1.971464420600867129e+02
-2.028782457940640711e+02
-2.063243620248801449e+02
-2.060061648488059802e+02
-2.034214030342677120e+02
-1.971847076826418572e+02
-1.851336534874549784e+02
-1.718291468567352069e+02
-1.558522626341896000e+02
-1.362490723186915886e+02
-1.180422470641344432e+02
-9.834563021215714684e+01
-7.340539011879681652e+01
-4.838145854636788101e+01
-2.611861032220684109e+01
2.541802670044890355e-01
3.089172280380493874e+01
5.926481233974674012e+01
8.446361445532149048e+01
1.109745821897271298e+02
1.358021908943802600e+02
1.550911790804582608e+02
1.715216394931672426e+02
1.859648059606638810e+02
1.981822089301363405e+02
2.091240113464917840e+02
2.152093699161189591e+02
2.158642509813673485e+02
2.160712628799148547e+02
2.119962768033847738e+02
2.025589630960759280e+02
1.920600246922027736e+02
1.803956586667487443e+02
1.647922981155496700e+02
1.472488727590567805e+02
1.280012380956293612e+02
1.038435580115476284e+02
7.726265746167794646e+01
5.300103887049540674e+01
2.957256205642521252e+01
2.713656603736297690e+00
-2.464831464796042582e+01
-5.006530812523116936e+01
-7.516793038348255607e+01
-9.816936202593817029e+01
-1.183531712521916859e+02
-1.387453774611114170e+02
-1.569054649767280694e+02
-1.734537672537167055e+02
-1.911008027265106648e+02
-2.051202828975947057e+02
-2.118800352891773855e+02
-2.130255225645505845e+02
-2.115268530744347117e+02
-2.070517872472271961e+02
-2.007528910238661126e+02
-1.927951278073981882e+02
-1.789741892212847461e+02
-1.597568570538119843e+02
-1.404019528275110815e+02
-1.208739405528312005e+02
-9.796280148738264870e+01
-7.314895176582845693e+01
-4.683331461557565945e+01
-1.752703966682594938e+01
1.024879086201247524e+01
3.565051916211596250e+01
6.172204246680866646e+01
8.580372236264744856e+01
1.095731082467851394e+02
1.323961530509477313e+02
1.514476226186565953e+02
1.688472812125235691e+02
1.838162872785728155e+02
1.920284218448523461e+02
1.962754382179150809e+02
2.031693154684006686e+02
2.118056675322525564e+02
2.146783636433328297e+02
2.113584733086519520e+02
2.060472761255454941e+02
1.972886278063568000e+02
1.842787174534972792e+02
1.688111558400354397e+02
1.499871090552001078e+02
1.285490312130044401e+02
1.071070049963026349e+02
8.226106116215500208e+01
5.557848937423586477e+01
3.067097094213225361e+01
3.224338117716935237e+00
-2.516254898390992878e+01
-5.079363988246324624e+01
-7.726815123812866659e+01
-1.057274447285730474e+02
-1.288520872508125024e+02
-1.465401403528982485e+02
-1.632472168361065314e+02
-1.784608456597466954e+02
-1.885045368141722122e+02
-1.952431748694714599e+02
-2.018816583114460741e+02
-2.059159196906631166e+02
-2.062109590067067302e+02
-2.033857548248213334e+02
-1.954023926537071532e+02
-1.843250315794235519e+02
-1.725583192816106362e+02
-1.561162297111264081e+02
-1.381397959943495266e+02
-1.207780750689532852e+02
-9.948784072368582088e+01
-7.454488363402975892e+01
-4.969574637689910901e+01
-2.462712958199921331e+01
4.283282097764384844e+00
3.242449913074886325e+01
5.743231911323658778e+01
8.334670273140987717e+01
1.104211447469862719e+02
1.336984149663331607e+02
1.531812206055377601e+02
1.708626163399900975e+02
1.856905957540009240e+02
1.989334400801153038e+02
2.106371340116764657e+02
2.169175652507678933e+02
2.192492780481898365e+02
2.194300514688319765e+02
2.136390279497930180e+02
2.036785934302733381e+02
1.926553856420668183e+02
1.797725948554773083e+02
1.634421549837838370e+02
1.442854592857395630e+02
1.224604787836788660e+02
9.700638722481767218e+01
7.267447063483129455e+01
5.180373456910339058e+01
2.902340968204130789e+01
2.906953581183185698e+00
-2.306274555382636038e+01
-4.905460565155856045e+01
-7.478321905015141624e+01
-9.733805446197025901e+01
-1.189734093605820249e+02
-1.401011641047449814e+02
-1.580351311728073824e+02
-1.754892765186221197e+02
-1.912473694871877683e+02
-2.011846392489422044e+02
-2.074047524009111783e+02
-2.101233678581980939e+02
-2.101201524067454329e+02
-2.101081366369260763e+02
-2.073939405682022539e+02
-1.978378553994225797e+02
-1.806624157202369929e+02
-1.612312996914290864e+02
-1.422098782379082138e+02
-1.209043579960521981e+02
-9.708863251604934419e+01
-7.246128363346761603e+01
-4.591450755530555483e+01
-1.769984651939844156e+01
9.578581660840846723e+00
3.754103349455357375e+01
6.381912728660643808e+01
8.704827689510285893e+01
1.111700730842460274e+02
1.338137237922019551e+02
1.525113241508155397e+02
1.698205551188181914e+02
1.837057869523966929e+02
1.907909745703246926e+02
1.968740374532525266e+02
2.064163490429718877e+02
2.148994436992834380e+02
2.164618278818320789e+02
2.134336074854954575e+02
2.084452318964443123e+02
1.986694003151020809e+02
1.846773302171285991e+02
1.688009112723752310e+02
1.499123624170755420e+02
1.297104777856737599e+02
1.093683242137450264e+02
8.461594421636601737e+01
5.839324539697706484e+01
3.294399946284887193e+01
4.727633639803982213e+00
-2.419335323023999607e+01
-5.092661714579159593e+01
-7.876559309162961142e+01
-1.079994287048322548e+02
-1.305305922613282803e+02
-1.478209714765729927e+02
-1.650792924619981648e+02
-1.794719657340378660e+02
-1.879137764587145796e+02
-1.942945702164169290e+02
-2.013005170177438856e+02
-2.054688003808026053e+02
-2.064015360989837404e+02
-2.035973443076984779e+02
-1.951795116442303026e+02
-1.853102234947706961e+02
-1.738444819842017353e+02
-1.571904871194608688e+02
-1.392671621573095990e+02
-1.206783425657170596e+02
-9.816676017172224533e+01
-7.342305649388622157e+01
-4.926461757324760526e+01
-2.466497234595961885e+01
3.277600871040864394e+00
2.945219739112425827e+01
5.371067063524168361e+01
8.123425030776381561e+01
1.090493611281774662e+02
1.323617589052350638e+02
1.523457316617720494e+02
1.701168240375787093e+02
1.849462678350916178e+02
1.995936140568470876e+02
2.121177430643290620e+02
2.188991357668987519e+02
2.219593898408290897e+02
2.201865085300601947e+02
2.129451925888986352e+02
2.042117510809140981e+02
1.936279259733133529e+02
1.800099036024582233e+02
1.634742495577633292e+02
1.432343027064720502e+02
1.202517418376022817e+02
9.547037181190829358e+01
7.272945974658151158e+01
5.166208017273403641e+01
2.782275982652462432e+01
2.217088466820232640e+00
-2.320199408635932770e+01
-4.941213638920804385e+01
-7.501425411344555982e+01
-9.782166022143239559e+01
-1.198813471607851824e+02
-1.393931105256229159e+02
-1.566547754511826440e+02
-1.738244682741063514e+02
-1.873573066696845615e+02
-1.960446872681430648e+02
-2.034207058945886786e+02
-2.079189193845146235e+02
-2.099085614859342570e+02
-2.125527185839235358e+02
-2.104145417492618151e+02
-1.995227395722303356e+02
-1.814596444884857362e+02
-1.623097391170033461e+02
-1.421583405109998068e+02
-1.190234638909799685e+02
-9.545277795568856050e+01
-7.168883138711024117e+01
-4.575884625003083528e+01
-1.938598232845181002e+01
7.538992629320656391e+00
3.661616145637501063e+01
6.260164561979539855e+01
8.658599967672635955e+01
1.117379366505008278e+02
1.345296176891379218e+02
1.534406911287393029e+02
1.710080330776046367e+02
1.843050149216190334e+02
1.915679217564272676e+02
1.998251188969908014e+02
2.096072439441163908e+02
